19 1
28 0
36 1
20 0
12 1
78 0
34 1
68 0
32 1
69 0
27 1
74 1
48 1
55 0
17 0
18 1
26 0
33 0
35 0
46 1
15 0
36 1
28 0
19 0
76 0
28 1
50 0
32 1
72 1
37 0
35 1
55 1
31 0
21 1
15 1
58 1
31 0
64 1
18 1
60 0
65 1
41 1
69 1
43 1
23 1
43 0
26 1
44 1
57 0
54 1
12 0
30 1
24 1
23 0
78 0
36 0
75 0
54 0
26 1
24 1
42 1
57 1
46 0
44 0
26 0
40 1
63 1
78 0
41 1
54 1
62 0
73 1
67 0
36 1
64 0
42 1
41 0
37 1
76 1
52 1
16 0
40 0
56 0
58 0
56 1
72 1
37 1
59 0
73 0
62 0
59 0
31 0
24 0
25 1
39 0
69 1
33 1
25 0
28 1
12 1
45 0
17 0
31 0
17 0
46 0
32 0
47 0
71 0
54 0
17 1
79 0
20 0
59 1
28 0
33 0
69 0
38 0
27 0
46 0
66 1
12 1
73 0
20 0
29 0
28 0
40 1
50 1
14 0
74 1
60 1
27 1
61 0
35 1
63 1
16 1
27 1
35 1
45 0
71 0
73 1
55 0
24 0
14 1
67 1
70 1
28 0
71 1
51 0
51 0
36 0
78 1
28 0
23 1
31 1
44 1
78 0
62 1
25 0
22 0
51 1
78 0
73 1
67 0
27 1
40 1
76 0
78 0
20 0
45 0
66 0
25 0
42 0
52 0
49 0
24 0
59 1
57 1
58 0
13 0
16 0
17 0
75 1
74 0
77 0
73 0
44 1
74 1
23 0
65 1
48 0
43 1
61 0
24 0
15 0
18 1
61 0
56 1
61 0
22 0
61 0
22 1
48 1
23 1
77 1
68 0
37 0
61 1
60 1
44 1
52 1
72 0
68 0
25 1
78 0
66 0
73 1
27 0
24 1
44 0
14 0
72 0
41 1
59 0
18 1
33 0
69 1
50 1
78 0
60 0
53 1
57 0
29 1
74 1
63 0
41 0
22 0
26 0
74 0
52 0
34 0
68 0
46 1
58 0
65 0
73 0
20 0
63 0
53 1
46 1
36 1
32 0
65 1
60 0
78 0
72 1
12 1
60 1
28 1
77 1
60 1
27 1
56 0
45 0
14 0
30 0
78 1
23 0
39 1
69 0
26 0
77 0
50 0
74 0
46 0
15 1
41 0
23 1
24 1
17 0
25 1
53 1
32 1
64 0
28 1
74 1
77 0
59 0
25 1
17 0
76 1
73 0
48 1
25 1
28 0
63 0
40 1
15 1
13 0
52 1
48 1
31 0
66 1
66 0
62 0
71 0
15 0
47 0
56 1
59 1
29 1
14 0
28 1
28 0
49 1
29 0
77 1
43 0
28 1
76 0
67 0
48 1
68 1
26 0
75 1
39 0
79 1
29 0
76 0
79 1
23 0
32 1
27 1
59 0
67 0
36 1
21 1
48 0
41 0
28 0
47 1
56 1
73 0
35 0
12 1
67 0
18 0
46 0
64 0
49 1
54 1
79 0
36 1
44 1
18 1
34 0
29 0
34 0
65 1
54 0
57 1
42 0
28 1
54 1
12 1
19 1
51 1
17 0
59 1
66 0
40 1
65 1
38 0
37 0
72 0
33 0
71 1
24 1
56 0
76 1
61 1
58 0
23 1
61 0
14 1
78 1
71 1
38 0
37 0
45 1
21 0
44 1
22 0
57 0
46 0
72 1
71 0
19 1
51 0
49 1
38 0
77 0
51 0
78 1
73 1
12 1
53 0
28 1
29 0
37 1
23 1
75 1
39 0
50 0
62 1
27 1
22 0
63 1
33 0
43 0
39 0
58 0
17 0
25 0
46 0
75 1
27 0
58 1
61 1
73 1
47 0
68 1
26 1
15 1
61 1
78 0
68 1
62 1
21 0
27 1
65 0
24 1
50 1
41 0
71 1
22 1
32 0
14 1
76 1
44 0
52 0
