-2.988116778311665847e-03 2.436032981659728591e+00 -2.517947435264707767e+00 -1.365740775038653609e+01
3.226368595516048224e-03 -6.009544489007654366e-01 -1.295383657631964835e+00 -2.349865981519240865e+00
1.310554115676544531e-03 8.042942894919262287e+00 -2.327239881806749955e-01 -1.293089376305640847e+01
1.497307916142665658e-03 2.210385712453085016e+00 -1.176892808240840749e+00 -1.213057150646633531e+01
1.246497411746327411e-03 3.923794864179218078e-01 -9.005744032563264279e-01 -6.706674379944012721e+00
-8.531908185222101702e-04 1.306454262170016811e+01 2.001134788874639470e-01 -1.264458163794349765e+01
1.399656842770088299e-03 5.210797851506887568e+00 -1.095979414254849793e+00 -1.271993731535227923e+01
-1.113299781639269037e-03 3.553527360864554563e+00 -1.748109479209629002e+00 -1.193163993963961467e+01
7.208706985406518374e-04 3.507867331177149328e+00 2.880775217710662695e-01 -7.470658791478759220e+00
-5.475646797586179206e-03 3.498205571089753718e+00 -2.328473703566906305e+00 -1.305986886979050077e+01
-5.908083499843306240e-03 -3.024913162070974049e-01 -1.170031003370112677e+00 -1.969420411382041713e+00
1.468409103279571908e-03 1.004422445725277058e+01 3.192196710895307543e-01 -1.062479725761467897e+01
5.905012629043314464e-04 9.082923680169647795e+00 2.848556315794968374e-01 -8.720199622188216537e+00
9.835412188649843984e-04 4.636132182616089281e+00 -1.865901502007021984e+00 -1.285851512571554345e+01
1.100291212927187370e-03 4.209355717752598203e+00 -6.625543217213566427e-01 -8.865129350935029962e+00
-1.694061603692825942e-03 1.355521098511262679e+01 7.096885673849554488e-01 -1.535032349447282662e+01
1.336939123864944222e-04 5.683488679269897759e+00 3.587051001737099343e-01 -6.642532126262848280e+00
-4.012812480516884787e-04 2.073209470067896021e-01 -1.341245085637512657e+00 -2.436323292715075084e+00
-3.615904264384119278e-03 -4.097542694231338656e-01 -1.840447133028073834e+00 -2.086427040012401424e+00
9.409320589161739240e-04 1.718307983097162817e+00 -5.953192693202696839e-01 -7.010237233577467642e+00
1.370826122515414166e-03 4.231537499472930897e+00 2.442215825055998601e-01 -6.620974002870068986e+00
4.944559810247744857e-05 3.944535105655930241e-01 -7.117212191325572590e-01 -1.362836143312639514e+01
1.269047149077404861e-03 4.197742502940315035e+00 -1.275522696984874305e+00 -1.174623145431551485e+01
-1.673374380102990141e-03 6.229990788257648404e+00 -1.472015809116727025e+00 -1.244107718648592531e+01
1.373467038960472179e-03 1.826801227010646622e+00 -1.361748462458669318e+00 -1.259311290823492691e+01
-2.771772669198068959e-03 2.241170255087521923e+01 2.771757989516372422e-01 -2.439119798638422409e+01
-5.099145505238313801e-05 5.231497115163190159e+00 -1.022467567311789782e+00 -9.453960184509707432e+00
1.403863632308038163e-03 1.007824751859820189e+01 -4.527767258634390890e-01 -1.224930795343817636e+01
-7.262740831775113363e-03 -3.613132231768352853e-01 5.389057758241367901e-01 -1.615675310709263401e+00
-1.753983222058160896e-03 6.201277753820084726e+00 -2.808532333709170062e-02 -1.014202012320688695e+01
1.428470189596493930e-03 2.583955317049374312e+00 1.490308999104722254e+00 -8.854055777060713339e+00
1.273577068616821772e-03 1.660440986731567703e+00 -1.301679513933899024e+00 -1.114404255377310271e+01
-1.319345324986999097e-03 2.403156177422715256e+00 -8.775973487433239573e-01 -1.111991748056265372e+01
-1.073876534403273020e-03 2.905770632606997861e+00 7.208221011265152356e-01 -8.283546819845611253e+00
2.136582854559594409e-04 3.274667059527566426e+00 -1.494999940827029139e+00 -1.259645123287461388e+01
9.082059406997129323e-04 3.340305384336537120e+00 -3.935723731449276563e-01 -1.007875712439117066e+01
1.314808333774040517e-03 2.899279527075020013e+00 -7.327123571947602443e-01 -1.225458142949768892e+01
-1.586842536657677915e-03 5.105755177844614856e+00 -3.194513200934666064e-01 -7.322502687851541125e+00
1.408816704902624570e-03 5.322265046932642463e+00 -3.341913877341388672e-01 -7.020034140662464672e+00
4.049576498440364981e-04 4.250820527786199676e+00 1.535268623459359882e-01 -6.643235185174631852e+00
7.741307173641276710e-04 5.716450098267607416e+00 1.563883891456348263e-01 -7.746678845248021084e+00
-4.767333745110122374e-03 6.010754548262236874e+00 6.031639211972340126e-02 -7.113396154891518997e+00
1.511996185511971062e-03 1.704602231410581314e+00 -1.404676934138910482e+00 -1.211113159046410992e+01
-2.388000080003239208e-03 4.088220849026898307e+00 -1.488861609032433364e+00 -1.034590279121800016e+01
5.371432505843152507e-04 3.186107697280975426e+00 -2.002610287751017903e+00 -1.389724272688397022e+01
1.354229979509776870e-03 6.134060979037102790e+00 -1.245202808166545189e-01 -8.192058171293281177e+00
2.649713964659834068e-06 4.162442621211649652e+00 -1.688891699005797387e+00 -1.266157158829951968e+01
-3.132973089425177167e-03 9.507942357330545491e+00 2.388584955576263380e-01 -9.468866227650915235e+00
9.425964368111622999e-04 2.781432780437446795e+01 1.106347760486321219e+00 -2.733851607769609160e+01
1.122645225194271240e-03 2.164160214274450045e+00 -1.195910408326845920e+00 -1.177702209928758137e+01
