1.247674784745323763e-02
3.650654105949694469e-03
4.748429921224023298e-01
8.033849444728375921e-01
5.736264846520056082e-01
1.197631840421966298e-01
5.258699086845405324e-01
2.467918980946171015e-01
3.679656564550517484e-01
2.641783363440491222e-02
1.124055881531294627e-04
6.752087912298474492e-01
2.122185549699656670e-01
3.991156752135521790e-01
4.155505418593279376e-01
3.211058885748650782e-02
1.094679867294324205e-01
1.672522883322392212e-02
2.935063265882325179e-03
4.286194366504648690e-01
5.823759735344083976e-01
1.888988041741669344e-01
9.097916801648791019e-01
4.383478238126095605e-02
3.640757833109670161e-01
2.012109374340057683e-02
1.699192845447083933e-01
7.838482610086631164e-01
3.137324994979427337e-04
8.651070310977067301e-02
7.657472126092135234e-01
6.433030378575026464e-01
2.171985947605499512e-02
1.620174731548690295e-01
1.391675693696006466e-01
4.297286048037205486e-01
4.750036454702444289e-01
5.402059395357239335e-02
4.798157659103055028e-01
3.448059950445672150e-01
3.972130659887518345e-01
4.156391025718134818e-03
8.662105983734087467e-01
4.350048655783764207e-02
3.169625304198252502e-01
3.123480773903484220e-01
2.796637248882464233e-01
2.525634525097096572e-02
2.311130028032428729e-01
5.766075162310491109e-01
