9.435086317931075384e-02
1.096627375619382561e-01
2.706160833157297829e-02
9.430084797307768454e-03
2.131126144046467663e-02
5.886081080432555707e-02
2.402208273665771762e-02
4.384095379259655978e-02
3.408772346144394588e-02
8.389137948912717135e-02
1.452536878065386061e-01
1.586980470246878924e-02
4.721684796788769289e-02
3.192768455835073849e-02
3.082891880122022241e-02
8.099528048803276981e-02
6.055245991333153138e-02
9.038238625977014495e-02
1.121913419348824492e-01
2.997335191278151928e-02
2.082659795659114188e-02
4.972433701042992121e-02
4.291566720870193530e-03
7.620083691025938966e-02
3.436525347137926734e-02
8.780419318199202128e-02
5.193897075311337125e-02
1.038976655445688312e-02
1.356579656387823241e-01
6.483502058890283637e-02
1.128488976296470984e-02
1.753881776526362152e-02
8.671972071778293045e-02
5.291561426299948301e-02
5.595873805274976381e-02
2.990144324880007753e-02
2.705177119876701550e-02
7.284860411243986034e-02
2.675795337384517802e-02
3.576824842377851477e-02
3.205661702962966930e-02
1.081346235245678050e-01
6.381311440033405301e-03
7.632153347068625082e-02
3.788680333694101343e-02
3.824944873429728803e-02
4.092576586050031967e-02
8.454748444978883726e-02
4.532734186610157257e-02
2.114574481829258404e-02
