2.857994272820759685e-01
2.877412606274363793e-01
2.929264605635564234e-01
2.897977196680271428e-01
2.907497570204709003e-01
2.957000496750950558e-01
2.847673021530350845e-01
2.979978793073846388e-01
2.855420457182542560e-01
2.820517204807450051e-01
2.834687895277707703e-01
2.893554162875763835e-01
2.868680533990108916e-01
2.871161888863029699e-01
2.857800805329887006e-01
2.892266057302870230e-01
2.884296505073661865e-01
2.850450498356777440e-01
2.880738984091205657e-01
2.849085537035906945e-01
2.939051703942835991e-01
2.851682458535336195e-01
2.857119430840441843e-01
2.965475582416738920e-01
2.878217541672579705e-01
2.769660199594907168e-01
2.870916690923637216e-01
2.884929528786226993e-01
2.867715928786355173e-01
2.896276031258513961e-01
2.857633423125091054e-01
2.896325600473498296e-01
2.931485350444879567e-01
2.957126764579989797e-01
2.857414442534617072e-01
2.843584438996514252e-01
2.909394964852946575e-01
2.854468132696328375e-01
2.844881484089403223e-01
2.891916770503215606e-01
2.876730087926991364e-01
2.939251915692275841e-01
2.867424334239844774e-01
2.951653775599913376e-01
2.886373763682505977e-01
2.854082150874059365e-01
2.846677484324968699e-01
2.919589513954374826e-01
2.946031096524170390e-01
2.873592368761095917e-01
