9.912107050964864552e-01
9.918061320598473563e-01
9.994962898063465273e-01
1.000088029761459607e+00
9.997351328395815973e-01
9.967536173727644666e-01
9.994605166712904332e-01
9.989185888622941212e-01
9.990886651062512724e-01
9.943221666720648555e-01
9.813768103662685593e-01
9.997677261055039066e-01
9.982216044493976703e-01
9.989944690966867658e-01
9.992354975413917373e-01
9.935947314516682116e-01
9.963891711730121781e-01
9.942815347886879707e-01
9.891438878201264107e-01
9.992007231149814261e-01
9.996295726372796953e-01
9.975833911096401163e-01
1.000415249543869622e+00
9.951505543918316432e-01
9.993340409171768135e-01
9.924979865005999491e-01
9.974585398317112883e-01
9.999687167882341798e-01
9.827172744578817065e-01
9.967624471996433533e-01
1.000280492087738393e+00
9.998074666360333707e-01
9.926853251611108542e-01
9.980154399939212828e-01
9.972589790688982658e-01
9.994192193882317499e-01
1.000005795844781220e+00
9.950524079567560909e-01
9.993518672750864029e-01
9.989044200973941079e-01
9.990360138575349325e-01
9.884170933864707687e-01
1.000002596832819890e+00
9.943111809142596291e-01
9.986915391098463157e-01
9.988542395272537178e-01
9.985789711425209214e-01
9.930646374152934941e-01
9.980774246591980203e-01
9.996937531963127066e-01
