1.247674784747044956e-02
3.650653960898394938e-03
4.748429921224307515e-01
8.033849448001393334e-01
5.736271395399884510e-01
1.197631840422097721e-01
5.258699086829948799e-01
2.467918980945185137e-01
3.679656564550650710e-01
2.641783363439002136e-02
1.124054181113437164e-04
6.752087912295282601e-01
2.122185549700421614e-01
3.991156752120778028e-01
4.155505418585072608e-01
3.211058885750066316e-02
1.094679867294092446e-01
1.672521751310943744e-02
2.934422358447020662e-03
4.286194366505146069e-01
5.823759735343720934e-01
1.888988041740443657e-01
9.097916801655129282e-01
4.383478238145180339e-02
3.640757833102558072e-01
2.012109374339330486e-02
1.699192845446114708e-01
7.838482610090368174e-01
3.136108187064078176e-04
8.651070310978700717e-02
7.657472126096198650e-01
6.433029407655597165e-01
2.171985947609601786e-02
1.620174731548197355e-01
1.391675693585391893e-01
4.297286048035832140e-01
4.750036454707227129e-01
5.402059395358103921e-02
4.798157659102133543e-01
3.448059950448207900e-01
3.972130659891550675e-01
4.156391025716103457e-03
8.662105984413462911e-01
4.350048655782091933e-02
3.169625304194705340e-01
3.123480773906435193e-01
2.796637248881848059e-01
2.525634525099058197e-02
2.311130028033239192e-01
5.766075162254860054e-01
