0.037953 0.843988 0.631139 0.188487 0.653897 0.94644 0.393279 0.681345 0.210338 0.817397
0.784836 0.498575 0.06402 0.798615 0.759863 0.889396 0.671823 0.953916 0.846046 0.399415
0.57856 0.220543 0.682882 0.297571 0.036346 0.341148 0.970582 0.609802 0.977537 0.491543
0.932618 0.445861 0.091891 0.134123 0.56742 0.470978 0.251801 0.573698 0.758458 0.900596
0.926848 0.41942 0.153821 0.424047 0.734858 0.230979 0.165492 0.03824 0.211078 0.804656
0.815055 0.332379 0.569392 0.906813 0.701726 0.131151 0.311933 0.508093 0.316645 0.704715
0.283239 0.219276 0.0515 0.825936 0.755386 0.707418 0.461133 0.24022 0.672898 0.434134
0.225131 0.767792 0.414239 0.230549 0.610452 0.505679 0.779707 0.874504 0.931543 0.749187
0.080708 0.002948 0.731804 0.926913 0.657941 0.73392 0.836524 0.402011 0.718045 0.052972
0.531892 0.365123 0.92419 0.851148 0.678653 0.205362 0.36888 0.335776 0.988653 0.506041
0.157732 0.545847 0.333932 0.375002 0.388423 0.473642 0.881329 0.028152 0.456587 0.135339
0.061949 0.261132 0.142711 0.550838 0.742487 0.72494 0.75737 0.968463 0.706022 0.572197
0.438021 0.398703 0.111925 0.234879 0.703979 0.873772 0.214132 0.999032 0.957357 0.309892
0.827995 0.098616 0.252832 0.181125 0.320613 0.86788 0.514785 0.500023 0.688201 0.728478
0.033833 0.776046 0.637714 0.407992 0.57883 0.486179 0.682264 0.037758 0.652541 0.204692
0.327229 0.673336 0.060155 0.519709 0.649685 0.900842 0.767604 0.656217 0.44979 0.03728
0.82336 0.915538 0.936554 0.773887 0.712702 0.48664 0.520773 0.982059 0.381787 0.267567
0.563547 0.284904 0.763204 0.14324 0.348239 0.257311 0.530786 0.055507 0.641483 0.326348
0.965647 0.821028 0.723118 0.402712 0.661464 0.194877 0.742679 0.665182 0.087799 0.404564
0.015941 0.231708 0.729885 0.596497 0.409895 0.407044 0.397066 0.654499 0.237752 0.56829
0.958218 0.09061 0.750496 0.502938 0.388522 0.453661 0.084998 0.135632 0.77219 0.122902
0.330598 0.072893 0.212205 0.979109 0.287531 0.509135 0.248425 0.764302 0.03773 0.590703
0.179312 0.170055 0.276423 0.081884 0.602063 0.852159 0.430307 0.201598 0.939061 0.968044
0.201087 0.3499 0.13991 0.989609 0.877702 0.718655 0.141553 0.110765 0.167187 0.617415
0.950275 0.351003 0.851907 0.98082 0.954591 0.905372 0.413194 0.972746 0.808946 0.100461
0.032558 0.124356 0.528409 0.431456 0.508889 0.606995 0.502746 0.806351 0.815485 0.385262
0.088916 0.222336 0.217133 0.212318 0.928788 0.263823 0.341146 0.200532 0.773714 0.345957
0.794913 0.776768 0.606741 0.64149 0.616995 0.91504 0.853478 0.172402 0.151522 0.009342
0.07391 0.223701 0.089938 0.561502 0.121293 0.214571 0.245829 0.067452 0.885081 0.145144
0.607992 0.124498 0.88915 0.211304 0.822462 0.073589 0.426648 0.858077 0.26398 0.735238
0.8664 0.562643 0.068854 0.305403 0.741501 0.269632 0.538654 0.470661 0.136487 0.450264
0.769743 0.78103 0.496272 0.235465 0.728659 0.092284 0.620657 0.709143 0.449348 0.697299
0.597857 0.557999 0.067613 0.105897 0.812632 0.796526 0.512601 0.336045 0.204849 0.968079
0.453336 0.332332 0.248303 0.496232 0.634577 0.907084 0.960461 0.680378 0.743149 0.69591
0.564934 0.544853 0.220905 0.685554 0.635572 0.997826 0.872854 0.813588 0.152342 0.935456
0.10245 0.591814 0.885806 0.582292 0.308524 0.816073 0.74485 0.0287 0.316979 0.431121
0.994313 0.483908 0.185215 0.186987 0.409833 0.000654 0.367981 0.530142 0.047186 0.066922
0.219825 0.048863 0.683684 0.515647 0.488893 0.074163 0.323688 0.621478 0.578955 0.666972
0.141345 0.646615 0.54535 0.698247 0.176307 0.925263 0.542148 0.23463 0.140975 0.794709
0.393859 0.096579 0.536703 0.511454 0.804604 0.272317 0.305805 0.881625 0.6561 0.636129
0.834975 0.959009 0.285124 0.921429 0.221193 0.50018 0.880534 0.654009 0.596618 0.74283
0.775701 0.208678 0.299277 0.672357 0.704923 0.082567 0.44848 0.865884 0.316778 0.319247
0.16984 0.036194 0.474163 0.675743 0.722586 0.583091 0.950568 0.260683 0.426248 0.300619
0.448447 0.626537 0.915008 0.068002 0.020497 0.680824 0.862455 0.827699 0.211044 0.458419
0.372525 0.768907 0.972064 0.530929 0.520992 0.2223 0.530867 0.611454 0.447502 0.734884
0.578892 0.539884 0.0875 0.329951 0.997973 0.356172 0.212634 0.968044 0.368421 0.359268
0.53702 0.776845 0.417763 0.409747 0.110541 0.020061 0.631365 0.110453 0.371784 0.692996
0.484335 0.514804 0.460779 0.490629 0.913936 0.184498 0.810682 0.024626 0.298667 0.070521
0.752401 0.181378 0.315866 0.650552 0.853453 0.346292 0.479333 0.252466 0.247957 0.332917
0.109707 0.420354 0.297244 0.545077 0.11322 0.456396 0.825895 0.631463 0.650668 0.23369
0.463117 0.253884 0.467503 0.508876 0.22937 0.256056 0.678724 0.619121 0.185927 0.555924
0.88422 0.855271 0.510273 0.264524 0.301259 0.870842 0.219786 0.441342 0.112628 0.895837
0.120775 0.877256 0.502341 0.869305 0.742415 0.877002 0.073252 0.808384 0.731304 0.439278
0.441323 0.85187 0.417189 0.378926 0.100432 0.067204 0.347003 0.314947 0.581604 0.697256
0.799252 0.139456 0.831628 0.781872 0.190578 0.351483 0.97942 0.699647 0.468987 0.204096
0.47602 0.233639 0.940203 0.026962 0.66693 0.572725 0.269937 0.280539 0.511873 0.489177
0.045187 0.850944 0.862803 0.639673 0.780816 0.752255 0.240806 0.43875 0.379467 0.846174
0.397901 0.213652 0.175457 0.320201 0.435344 0.163963 0.782814 0.820966 0.182389 0.826838
0.395374 0.928658 0.770047 0.087058 0.581468 0.236975 0.528563 0.555839 0.90655 0.389093
0.098371 0.637571 0.446196 0.43082 0.329839 0.759148 0.327845 0.912486 0.033628 0.206354
0.810837 0.493867 0.333015 0.697868 0.347985 0.268909 0.418329 0.401719 0.635046 0.506211
0.04383 0.762023 0.539269 0.031057 0.056631 0.366772 0.54382 0.828095 0.66948 0.732283
0.203594 0.161157 0.643274 0.862106 0.951479 0.601605 0.116233 0.10319 0.950176 0.342328
0.908315 0.98949 0.06314 0.629257 0.330905 0.560781 0.953226 0.131922 0.967011 0.702122
0.538913 0.09897 0.934976 0.929812 0.973298 0.391822 0.753618 0.17824 0.507683 0.470295
0.05986 0.087389 0.69162 0.137616 0.905076 0.830849 0.73656 0.084749 0.056318 0.458632
0.917089 0.214652 0.955198 0.365783 0.60198 0.105361 0.776519 0.796433 0.202375 0.575707
0.699428 0.686844 0.822502 0.42447 0.263057 0.23429 0.401731 0.286221 0.140229 0.613909
0.906941 0.902785 0.774233 0.649988 0.997974 0.435987 0.415404 0.731828 0.367975 0.197364
0.406064 0.682963 0.995566 0.3492 0.368503 0.083484 0.57229 0.308877 0.695091 0.416384
0.300844 0.389079 0.904099 0.968578 0.00508 0.212431 0.687194 0.70719 0.504949 0.422834
0.850902 0.308539 0.573759 0.052435 0.113221 0.421926 0.093085 0.683603 0.527384 0.435446
0.342514 0.859333 0.080246 0.183353 0.784765 0.011182 0.093365 0.97421 0.123905 0.341389
0.124493 0.422897 0.683866 0.385863 0.110274 0.765458 0.140918 0.614253 0.298728 0.553134
0.997417 0.893933 0.109204 0.300951 0.045492 0.799684 0.708444 0.795659 0.213824 0.446543
0.724298 0.680762 0.951622 0.778821 0.035057 0.901738 0.241051 0.001612 0.420143 0.94105
0.640642 0.780923 0.226101 0.213683 0.6425 0.187195 0.905802 0.270993 0.07105 0.865048
0.765694 0.332082 0.065144 0.096062 0.02564 0.791696 0.351654 0.934077 0.596824 0.641469
0.94044 0.547143 0.86533 0.077842 0.894647 0.60746 0.060982 0.492326 0.526594 0.467786
0.223277 0.442848 0.798056 0.8022 0.675265 0.407941 0.51011 0.760835 0.495232 0.173082
0.976332 0.372403 0.963619 0.231732 0.750355 0.790333 0.641768 0.611904 0.869727 0.038867
0.085004 0.806679 0.497463 0.637483 0.622438 0.360809 0.720798 0.276618 0.418547 0.447275
0.372269 0.235252 0.291753 0.650925 0.985824 0.611749 0.373282 0.305121 0.682244 0.136195
0.720029 0.142628 0.485166 0.268117 0.545618 0.692881 0.254494 0.670714 0.570897 0.768202
0.492469 0.090199 0.051654 0.041353 0.452118 0.406743 0.690347 0.865779 0.898926 0.996347
0.504021 0.935275 0.411544 0.483221 0.039659 0.678296 0.755353 0.255475 0.678391 0.591408
0.107304 0.56244 0.451172 0.437519 0.212563 0.958398 0.901158 0.971882 0.474473 0.677778
0.512246 0.793019 0.155845 0.159935 0.732357 0.48516 0.380844 0.762213 0.602783 0.145743
0.426757 0.681107 0.470009 0.733874 0.413006 0.875858 0.853832 0.974179 0.276012 0.366949
0.967777 0.619392 0.620357 0.855398 0.523626 0.37949 0.17436 0.221281 0.871492 0.818842
0.569167 0.203646 0.845891 0.970798 0.328544 0.552735 0.467139 0.86409 0.827275 0.455372
0.062047 0.657894 0.449114 0.31131 0.056026 0.752158 0.987894 0.695205 0.056508 0.713385
0.855908 0.57468 0.308892 0.358915 0.253689 0.149169 0.549658 0.740534 0.017502 0.674366
0.276236 0.361554 0.808997 0.093749 0.3392 0.20549 0.474978 0.045272 0.183974 0.252921
0.740014 0.678869 0.079728 0.032397 0.065653 0.289362 0.580909 0.276681 0.124359 0.534837
0.860062 0.972243 0.912407 0.778817 0.539026 0.644291 0.721991 0.773788 0.072645 0.099267
0.694914 0.368403 0.432187 0.379373 0.088777 0.27717 0.177601 0.452584 0.445573 0.989042
0.840317 0.39656 0.333875 0.108707 0.261876 0.371995 0.373466 0.376942 0.346166 0.379682
0.821209 0.457014 0.91718 0.917144 0.878712 0.754821 0.545001 0.814992 0.343329 0.262507
0.436643 0.530197 0.431664 0.415349 0.972454 0.132954 0.594356 0.476199 0.989846 0.545166
0.296139 0.830931 0.062632 0.792856 0.13348 0.392112 0.949699 0.228076 0.537703 0.928023
0.038005 0.256486 0.220327 0.481015 0.8138 0.451611 0.589108 0.029142 0.067466 0.867485
0.336199 0.315651 0.228894 0.462175 0.99287 0.214923 0.211189 0.628041 0.853667 0.359929
0.600859 0.843058 0.449587 0.578709 0.645976 0.983659 0.274004 0.105077 0.343438 0.001
0.422207 0.214402 0.057358 0.841402 0.764632 0.461603 0.896865 0.595696 0.188942 0.381739
0.530141 0.973631 0.006275 0.321097 0.955715 0.703271 0.33705 0.940056 0.397004 0.374465
0.267556 0.869521 0.027062 0.662223 0.928988 0.808833 0.632568 0.677801 0.829192 0.120003
0.377358 0.350239 0.833846 0.968971 0.032401 0.006183 0.614913 0.102406 0.686889 0.495015
0.520167 0.809614 0.709949 0.638722 0.145136 0.523371 0.557948 0.128182 0.874454 0.438876
0.332395 0.922046 0.271311 0.545056 0.860367 0.315592 0.020705 0.046745 0.08271 0.136919
0.52297 0.273009 0.315923 0.835576 0.36435 0.98923 0.765675 0.462545 0.608511 0.602418
0.220078 0.403507 0.757327 0.693226 0.801211 0.549204 0.876246 0.049778 0.830251 0.830467
0.123729 0.547723 0.761579 0.336353 0.91406 0.72057 0.894356 0.221131 0.382002 0.278485
0.079143 0.307602 0.453398 0.00937 0.874894 0.114688 0.544133 0.239727 0.417326 0.523506
0.457225 0.626478 0.035143 0.689814 0.86466 0.859346 0.082097 0.654988 0.364626 0.042713
0.894565 0.493462 0.023659 0.441803 0.387987 0.130836 0.698777 0.151634 0.017626 0.200472
0.399376 0.678385 0.374822 0.853029 0.670295 0.035878 0.662022 0.554547 0.456478 0.702721
0.350636 0.395272 0.296762 0.446429 0.728937 0.513902 0.943103 0.452232 0.33355 0.730888
0.406791 0.468368 0.423431 0.948525 0.421748 0.01322 0.22482 0.262753 0.820599 0.801308
0.437389 0.779007 0.430811 0.5277 0.940544 0.58424 0.446268 0.598415 0.037425 0.715542
0.535462 0.3874 0.203386 0.406133 0.09024 0.238498 0.159414 0.940093 0.098491 0.675084
0.227765 0.691272 0.852118 0.301072 0.916213 0.322299 0.221396 0.517019 0.631338 0.744304
0.749426 0.351969 0.548193 0.531984 0.626987 0.418661 0.452863 0.893177 0.533587 0.281977
0.298318 0.894827 0.576846 0.578747 0.923361 0.51369 0.263042 0.118319 0.874526 0.730892
0.309123 0.601638 0.272292 0.459757 0.394177 0.419981 0.943706 0.674422 0.0075 0.602999
0.834978 0.423658 0.740814 0.840975 0.760552 0.251783 0.073105 0.586886 0.80124 0.230078
0.708368 0.472278 0.132393 0.885985 0.775632 0.27911 0.495411 0.810457 0.96174 0.183661
0.063717 0.469599 0.842648 0.88828 0.675875 0.707468 0.762725 0.750455 0.826054 0.265409
0.656676 0.297002 0.198049 0.177548 0.47969 0.96336 0.774821 0.52874 0.118515 0.913293
0.076824 0.677922 0.754547 0.067422 0.792021 0.464273 0.42338 0.105071 0.920865 0.11556
0.569268 0.404851 0.610948 0.018695 0.219129 0.0709 0.997074 0.979577 0.484612 0.846376
0.094959 0.089523 0.000522 0.90884 0.245814 0.776757 0.317863 0.756615 0.005178 0.849528
0.583699 0.268868 0.916613 0.392656 0.348647 0.052081 0.701383 0.81349 0.475548 0.376528
0.641482 0.932347 0.324234 0.698749 0.072029 0.31301 0.347157 0.568732 0.442892 0.557946
0.056636 0.913265 0.391504 0.968394 0.350837 0.59733 0.256615 0.606639 0.721241 0.045566
0.658769 0.526558 0.23356 0.061093 0.981802 0.392303 0.349637 0.099398 0.568364 0.353843
0.440031 0.485375 0.662604 0.691732 0.101833 0.630031 0.451457 0.495879 0.696478 0.822419
0.88856 0.782185 0.029832 0.437045 0.527391 0.777936 0.996836 0.865214 0.190036 0.27385
0.563053 0.768583 0.619694 0.635006 0.18782 0.852441 0.007189 0.648188 0.192952 0.105303
0.625544 0.591572 0.18468 0.364667 0.812126 0.205283 0.382693 0.993613 0.774276 0.492526
0.100421 0.504583 0.762502 0.810161 0.061064 0.962458 0.20331 0.465024 0.521822 0.699219
0.624487 0.858915 0.695882 0.368879 0.818506 0.32758 0.303094 0.425409 0.471122 0.926129
0.068115 0.759592 0.535479 0.941996 0.616546 0.079121 0.804868 0.484352 0.723316 0.416831
0.557658 0.160647 0.398089 0.301966 0.037696 0.591599 0.248245 0.597811 0.731731 0.88565
0.424177 0.320028 0.556423 0.313147 0.492836 0.522839 0.165637 0.754052 0.427613 0.256605
0.516359 0.835113 0.319451 0.640635 0.807477 0.583702 0.679411 0.503073 0.179277 0.605921
0.540696 0.351354 0.544015 0.503175 0.60185 0.953125 0.040908 0.489343 0.404113 0.930192
0.359863 0.044731 0.007808 0.337799 0.845355 0.65469 0.200052 0.087217 0.743468 0.469041
0.957538 0.153745 0.375992 0.779089 0.061708 0.01019 0.481061 0.803368 0.690993 0.962364
0.893967 0.748825 0.046051 0.125264 0.636488 0.897087 0.475347 0.603525 0.914231 0.255769
0.700653 0.800781 0.412121 0.499492 0.579268 0.731234 0.382278 0.589436 0.950333 0.008242
0.801431 0.65838 0.212277 0.374785 0.126667 0.097491 0.51311 0.778708 0.960749 0.156118
0.558177 0.124312 0.613146 0.348276 0.515021 0.854848 0.60655 0.899199 0.595753 0.056136
0.525754 0.00094 0.899655 0.33272 0.372415 0.999004 0.15 0.330199 0.444956 0.747793
0.069455 0.92031 0.673683 0.290529 0.298106 0.356964 0.661564 0.376924 0.399108 0.196697
0.185917 0.237318 0.698709 0.681844 0.972753 0.064556 0.313229 0.165079 0.165062 0.786746
0.264747 0.119193 0.440687 0.201338 0.69586 0.27858 0.676464 0.457968 0.278219 0.943824
0.031211 0.051014 0.503035 0.43741 0.804845 0.433468 0.771112 0.117945 0.142198 0.673498
0.428011 0.277472 0.009646 0.812541 0.078669 0.989455 0.676596 0.62602 0.192666 0.438855
0.818698 0.720393 0.764216 0.098469 0.06586 0.626026 0.175308 0.350989 0.398933 0.958902
0.381834 0.052511 0.794323 0.994618 0.644719 0.16119 0.205776 0.065168 0.618336 0.957376
0.133874 0.113234 0.738384 0.573667 0.464506 0.936708 0.12335 0.763321 0.357569 0.28785
0.931624 0.424679 0.191205 0.946473 0.020047 0.790476 0.386852 0.700813 0.287894 0.338367
0.629491 0.537547 0.09643 0.647786 0.969931 0.182635 0.11083 0.311234 0.46005 0.342083
0.895521 0.899257 0.257945 0.136826 0.568969 0.28646 0.774822 0.747077 0.675275 0.347815
0.128337 0.872931 0.910207 0.601907 0.866648 0.689513 0.168833 0.481221 0.202583 0.488142
0.456011 0.358453 0.755092 0.378085 0.674147 0.739133 0.793551 0.175553 0.700627 0.687731
0.67701 0.269321 0.849932 0.226392 0.069685 0.107198 0.172539 0.729143 0.854263 0.318328
0.181625 0.564098 0.792298 0.980399 0.798174 0.947545 0.734592 0.12247 0.050743 0.363348
0.523351 0.01775 0.896828 0.088161 0.923683 0.40029 0.314067 0.461191 0.277212 0.530394
0.73241 0.788328 0.827557 0.00618 0.373674 0.765934 0.173456 0.253931 0.897841 0.6889
0.930365 0.277338 0.927676 0.851626 0.118649 0.484726 0.939339 0.222973 0.470422 0.738488
0.36307 0.732501 0.183966 0.807954 0.275018 0.522355 0.231839 0.272118 0.961165 0.334293
0.311762 0.171013 0.957109 0.225684 0.922253 0.394915 0.19465 0.289332 0.227456 0.721103
0.605543 0.312566 0.708431 0.674924 0.784048 0.307114 0.226312 0.558641 0.695694 0.533862
0.996852 0.046598 0.815156 0.30265 0.934808 0.812156 0.696416 0.104473 0.495388 0.089876
0.766363 0.022957 0.147639 0.316777 0.95073 0.961155 0.195029 0.628919 0.182784 0.0844
0.892831 0.393091 0.449539 0.940438 0.319128 0.029129 0.390675 0.959638 0.418383 0.51006
0.589689 0.998867 0.828281 0.155829 0.20027 0.966714 0.946485 0.075589 0.889421 0.042028
0.291415 0.913124 0.5212 0.486738 0.022615 0.121771 0.114091 0.369112 0.300425 0.352029
0.227197 0.428535 0.75865 0.565775 0.574441 0.209744 0.029371 0.600321 0.589631 0.504163
0.002091 0.515957 0.125001 0.695164 0.204448 0.392826 0.902146 0.983461 0.215245 0.621161
0.3433 0.245947 0.470085 0.861104 0.917759 0.485638 0.631266 0.935361 0.267119 0.701118
0.100134 0.879044 0.464562 0.973155 0.19222 0.696705 0.696588 0.461969 0.137318 0.689668
0.100217 0.090047 0.940643 0.5422 0.793541 0.118783 0.961149 0.07078 0.339236 0.588692
0.335622 0.065122 0.005582 0.483762 0.486675 0.984955 0.263137 0.259512 0.862643 0.141354
0.392878 0.10293 0.726792 0.120695 0.004383 0.175423 0.834929 0.642475 0.350672 0.665736
0.950613 0.265594 0.322461 0.300827 0.901369 0.424329 0.369139 0.216013 0.412889 0.183068
0.40057 0.336329 0.167435 0.133884 0.52577 0.463035 0.381319 0.62438 0.777326 0.811181
0.926001 0.74752 0.876169 0.31564 0.869846 0.127331 0.764455 0.256575 0.41449 0.179089
0.99133 0.430418 0.408802 0.109472 0.60223 0.118656 0.092667 0.533877 0.601376 0.176061
0.421758 0.786751 0.235517 0.257063 0.150122 0.026044 0.20377 0.022961 0.872416 0.575041
0.071213 0.315083 0.728497 0.333728 0.499987 0.637979 0.03939 0.724111 0.752041 0.342471
0.78245 0.763735 0.405728 0.913229 0.495352 0.68815 0.195266 0.111209 0.714435 0.219997
0.151445 0.834252 0.0302 0.466951 0.80912 0.30196 0.981543 0.504342 0.359801 0.265162
0.446282 0.539348 0.143068 0.305361 0.641183 0.745069 0.732686 0.612584 0.573981 0.819266
0.606254 0.478009 0.805488 0.91118 0.248581 0.73583 0.08165 0.454101 0.90792 0.384893
0.802319 0.270586 0.619685 0.968727 0.545723 0.10709 0.498285 0.469645 0.745081 0.460184
0.09196 0.165811 0.127068 0.934578 0.230843 0.689688 0.03909 0.83624 0.525333 0.838151
0.332215 0.245892 0.522676 0.810149 0.546865 0.771967 0.007087 0.397283 0.967151 0.978268
0.779127 0.644665 0.52732 0.888549 0.542134 0.491742 0.089298 0.118545 0.289702 0.058958
0.603053 0.649932 0.937553 0.822928 0.878615 0.977059 0.633765 0.510444 0.929679 0.416573
0.266197 0.80056 0.145596 0.924249 0.813014 0.926901 0.934729 0.413748 0.485031 0.771048
0.88967 0.811746 0.904377 0.018145 0.30927 0.678195 0.518716 0.480937 0.289227 0.44676
0.797365 0.164821 0.949674 0.381026 0.995159 0.671475 0.472025 0.030375 0.514251 0.563979
0.560422 0.446053 0.746397 0.94796 0.969281 0.638273 0.797562 0.124732 0.9272 0.491368
0.756527 0.543958 0.351661 0.364504 0.979784 0.790825 0.011318 0.721716 0.234443 0.520803
0.961664 0.338089 0.66424 0.383675 0.947714 0.287428 0.148427 0.079487 0.526983 0.003736
0.64229 0.176622 0.132519 0.184284 0.092848 0.11626 0.232326 0.057797 0.042593 0.229383
0.364747 0.257848 0.534451 0.663804 0.513953 0.77657 0.130888 0.52378 0.967342 0.849833
0.104864 0.98721 0.453648 0.526355 0.04355 0.151722 0.470036 0.700462 0.536633 0.350415
0.658812 0.377318 0.535238 0.175772 0.739164 0.445894 0.110357 0.920012 0.059944 0.004085
0.7603 0.224604 0.952803 0.345475 0.065769 0.316613 0.20412 0.710226 0.064221 0.629584
0.45554 0.215367 0.776147 0.669582 0.541783 0.796979 0.378836 0.585978 0.544165 0.217929
0.755981 0.065539 0.509935 0.6297 0.740461 0.520299 0.047459 0.437614 0.532534 0.913414
0.242504 0.712047 0.175893 0.714987 0.733445 0.241778 0.985687 0.002335 0.822924 0.484309
0.671079 0.916328 0.309183 0.438442 0.378252 0.130426 0.902223 0.179784 0.866929 0.593288
0.307272 0.853948 0.36147 0.038854 0.302439 0.940749 0.707167 0.75168 0.191793 0.336447
0.412533 0.99842 0.250614 0.834544 0.123741 0.759854 0.499376 0.023271 0.057554 0.988293
0.353572 0.825907 0.628629 0.715286 0.09891 0.546639 0.379216 0.145285 0.42793 0.255123
0.876549 0.678513 0.888469 0.47975 0.076491 0.49232 0.756341 0.808113 0.302705 0.123895
0.766758 0.987526 0.382598 0.904044 0.382087 0.430972 0.308005 0.896258 0.32882 0.634415
0.595305 0.778176 0.819975 0.079018 0.331157 0.009103 0.099802 0.665755 0.74177 0.248782
0.424338 0.82424 0.661316 0.368925 0.103082 0.845008 0.678791 0.351013 0.574402 0.437033
0.062494 0.95494 0.502378 0.534904 0.918361 0.910736 0.35758 0.38644 0.770487 0.191292
0.797517 0.041466 0.070705 0.429481 0.20013 0.081592 0.472063 0.629539 0.418036 0.600844
0.311578 0.315647 0.027032 0.435348 0.48026 0.413038 0.723832 0.197604 0.765019 0.091711
0.342302 0.392137 0.281052 0.177113 0.993185 0.591299 0.967718 0.93241 0.905232 0.614921
0.450647 0.834248 0.227554 0.365605 0.656007 0.02283 0.310667 0.518687 0.94405 0.998275
0.870093 0.941002 0.481217 0.65354 0.996224 0.313345 0.679313 0.629975 0.244326 0.812382
0.269385 0.526796 0.181145 0.834412 0.442817 0.81711 0.298231 0.237934 0.832503 0.22696
0.171925 0.080792 0.179544 0.377488 0.354421 0.168593 0.005059 0.549158 0.102092 0.795584
0.794618 0.942283 0.621823 0.236574 0.608452 0.708035 0.974684 0.017767 0.991651 0.407925
0.641902 0.571457 0.331623 0.57709 0.454599 0.605711 0.970768 0.360002 0.195529 0.043065
0.374741 0.084735 0.554968 0.335854 0.243089 0.084397 0.111821 0.678127 0.769191 0.60763
0.866708 0.84785 0.482954 0.219488 0.10024 0.886636 0.549191 0.433303 0.207579 0.294411
0.177172 0.148503 0.087815 0.777637 0.882211 0.942308 0.227118 0.95015 0.299373 0.417953
0.829312 0.953752 0.141198 0.064862 0.491836 0.882937 0.520348 0.676749 0.880658 0.026912
0.822479 0.532825 0.534313 0.313813 0.739853 0.309832 0.539118 0.089162 0.198252 0.492595
0.6108 0.9222 0.998846 0.626787 0.67763 0.948925 0.317728 0.31745 0.585997 0.311561
0.34541 0.871003 0.944011 0.877842 0.315624 0.372416 0.103267 0.773044 0.18737 0.782369
0.226874 0.535469 0.284205 0.000621 0.575849 0.762647 0.948359 0.529963 0.952378 0.98032
0.189488 0.185576 0.776452 0.103019 0.986481 0.902841 0.399109 0.389265 0.613628 0.93934
0.499887 0.957071 0.365902 0.889823 0.464924 0.64452 0.166234 0.075435 0.785854 0.671117
0.530569 0.374761 0.761167 0.445081 0.677029 0.312642 0.13358 0.903603 0.160545 0.894255
0.12736 0.367175 0.907063 0.495814 0.860479 0.320892 0.698771 0.094205 0.426532 0.062319
0.495902 0.123566 0.420342 0.128806 0.078955 0.029761 0.682335 0.368666 0.456625 0.702605
0.921101 0.363378 0.209272 0.717312 0.607996 0.219957 0.923662 0.997298 0.810831 0.451997
0.434942 0.48667 0.5833 0.437685 0.996129 0.657976 0.539075 0.53207 0.798491 0.826483
0.946837 0.072767 0.418993 0.866328 0.875075 0.137968 0.10347 0.15569 0.702531 0.715472
0.097769 0.700653 0.543111 0.138384 0.366247 0.806633 0.912544 0.54785 0.035868 0.336907
0.279502 0.008989 0.915517 0.293873 0.017662 0.685875 0.081953 0.599308 0.736224 0.493433
0.127493 0.066279 0.405635 0.368547 0.908749 0.797148 0.446942 0.265635 0.337017 0.475712
0.328861 0.886649 0.483833 0.824146 0.247839 0.288764 0.370361 0.491013 0.386228 0.141515
0.318738 0.050675 0.132599 0.925503 0.639408 0.921063 0.930243 0.492781 0.775856 0.040364
0.148036 0.703041 0.267482 0.084393 0.955471 0.627745 0.6038 0.876938 0.987247 0.551882
0.480174 0.152252 0.513899 0.768556 0.211941 0.757716 0.48469 0.201732 0.750324 0.30597
0.293225 0.065602 0.596299 0.161271 0.851196 0.159547 0.26743 0.397689 0.614475 0.021281
0.516384 0.502126 0.935102 0.823539 0.687074 0.889451 0.201307 0.619444 0.701714 0.679938
0.873944 0.728767 0.281987 0.218681 0.599498 0.032229 0.095856 0.446418 0.143344 0.870631
0.294411 0.85558 0.526805 0.284662 0.033872 0.5171 0.533467 0.262984 0.615828 0.775724
0.39708 0.174366 0.051918 0.930393 0.514695 0.134877 0.562532 0.586364 0.819506 0.153759
0.501458 0.106678 0.687327 0.648535 0.471089 0.568005 0.705848 0.632277 0.185744 0.138523
0.669691 0.457638 0.754746 0.627564 0.709403 0.622598 0.933923 0.358063 0.606787 0.601879
0.466943 0.61798 0.804877 0.406185 0.47923 0.171995 0.136472 0.465461 0.996492 0.566275
0.172536 0.977904 0.477991 0.841157 0.750275 0.926037 0.27753 0.898306 0.894342 0.729012
0.134569 0.082762 0.853828 0.836883 0.046598 0.065436 0.573087 0.269284 0.944952 0.330084
0.811442 0.65992 0.761569 0.618386 0.046643 0.15124 0.974306 0.291634 0.430532 0.434723
0.054612 0.020634 0.849145 0.711948 0.215031 0.617223 0.322246 0.072189 0.831417 0.348558
0.471114 0.010219 0.052856 0.457347 0.47556 0.996567 0.17075 0.962434 0.412672 0.968501
0.267746 0.455815 0.901673 0.245127 0.265525 0.325441 0.942953 0.433923 0.68001 0.30133
0.892947 0.195296 0.695929 0.989671 0.436083 0.686641 0.124938 0.975364 0.979686 0.513997
0.949805 0.08014 0.726585 0.634907 0.721891 0.645184 0.866888 0.595964 0.968456 0.039878
0.732981 0.700799 0.948893 0.504314 0.601811 0.038421 0.549155 0.95491 0.076398 0.745675
0.985315 0.877875 0.209682 0.560789 0.111305 0.19182 0.546347 0.606249 0.939253 0.2685
0.573259 0.636554 0.284945 0.2555 0.635915 0.852142 0.628787 0.852362 0.498397 0.951902
0.936569 0.060625 0.210123 0.883808 0.928868 0.309027 0.016205 0.173727 0.548833 0.261409
0.877494 0.082959 0.358042 0.137994 0.011209 0.362533 0.677736 0.879542 0.212881 0.929786
0.844652 0.74255 0.975626 0.667031 0.317647 0.678594 0.659567 0.528275 0.570595 0.898693
0.107596 0.381129 0.458737 0.065922 0.829319 0.821972 0.936575 0.922782 0.423401 0.067655
0.654857 0.010308 0.005678 0.068321 0.227428 0.201808 0.67648 0.739479 0.097066 0.358202
0.906595 0.554311 0.759411 0.589407 0.178628 0.758497 0.505166 0.626781 0.489694 0.109776
0.335805 0.169196 0.469177 0.99775 0.733601 0.988088 0.219615 0.647631 0.819128 0.797358
0.106095 0.196954 0.877418 0.189658 0.480072 0.634767 0.686119 0.120388 0.972254 0.75199
0.624306 0.11799 0.019227 0.88837 0.907438 0.720647 0.384442 0.188823 0.035088 0.266091
0.371809 0.352835 0.065708 0.412643 0.117032 0.100497 0.397813 0.056094 0.605668 0.649888
0.672333 0.033138 0.675315 0.097611 0.900211 0.930309 0.480528 0.564773 0.591959 0.97906
0.602132 0.538893 0.960161 0.175085 0.285442 0.136421 0.12259 0.40017 0.317986 0.341929
0.761141 0.171161 0.644662 0.3574 0.104301 0.338153 0.210595 0.246955 0.924971 0.519281
0.5457 0.662321 0.021493 0.224893 0.29959 0.106703 0.410266 0.910755 0.725899 0.048209
0.311177 0.878949 0.091777 0.219444 0.252174 0.394879 0.667158 0.977808 0.069025 0.196686
0.391352 0.706542 0.661893 0.909924 0.765866 0.39555 0.797074 0.423631 0.151848 0.361765
0.676532 0.26659 0.208993 0.87504 0.097517 0.007256 0.350425 0.824436 0.389799 0.401849
0.379179 0.32022 0.810317 0.019748 0.45987 0.731293 0.145036 0.951841 0.829497 0.943628
0.760619 0.198755 0.108905 0.315702 0.524883 0.120673 0.811129 0.720002 0.814577 0.549604
0.855566 0.594668 0.787602 0.345603 0.143842 0.247648 0.700574 0.816548 0.443055 0.843509
0.0135 0.630426 0.313429 0.409381 0.77852 0.650855 0.196127 0.763158 0.479259 0.326383
0.119337 0.595199 0.069148 0.440597 0.436505 0.209907 0.358362 0.795085 0.991832 0.366601
0.696904 0.811573 0.328049 0.346152 0.86872 0.760901 0.804107 0.898218 0.367919 0.074156
0.134874 0.024275 0.487669 0.220656 0.347472 0.414667 0.887117 0.924198 0.502052 0.231429
0.444028 0.417033 0.838042 0.355149 0.079319 0.875664 0.985753 0.270262 0.627024 0.296532
0.734083 0.555534 0.994523 0.798307 0.342524 0.212835 0.07167 0.458013 0.911888 0.716055
0.885225 0.517234 0.31131 0.543529 0.957319 0.644005 0.576245 0.460342 0.339259 0.607307
0.469339 0.285027 0.32092 0.534637 0.969397 0.074682 0.10416 0.986603 0.751338 0.236737
0.665277 0.764489 0.409589 0.231442 0.452889 0.733593 0.874767 0.338178 0.227251 0.748724
0.466071 0.270906 0.008175 0.070895 0.133678 0.879803 0.613755 0.733988 0.774596 0.893371
0.935741 0.259156 0.793719 0.381861 0.833434 0.384878 0.272861 0.31782 0.237651 0.389387
0.72868 0.517791 0.568998 0.140063 0.392516 0.248812 0.225717 0.364985 0.347207 0.974159
0.577554 0.740546 0.643336 0.214664 0.947826 0.615982 0.611202 0.782196 0.958783 0.21822
0.757643 0.916092 0.11942 0.532402 0.358221 0.388276 0.042737 0.222774 0.771185 0.365024
0.58728 0.961342 0.292249 0.557698 0.197363 0.971245 0.358999 0.578468 0.317135 0.97412
0.166058 0.977632 0.767349 0.834268 0.719304 0.953403 0.631225 0.24361 0.966019 0.125238
0.035362 0.117415 0.660362 0.985427 0.463259 0.224586 0.400641 0.569133 0.184324 0.500571
0.233153 0.13883 0.439912 0.796674 0.489535 0.876135 0.031552 0.992005 0.495367 0.485435
0.018348 0.645803 0.699848 0.048947 0.628268 0.18191 0.32925 0.963824 0.799571 0.25055
0.948504 0.627617 0.597173 0.340752 0.510822 0.397281 0.81885 0.232043 0.433751 0.951622
0.95724 0.25882 0.523332 0.343818 0.188964 0.037926 0.092312 0.999158 0.824151 0.056995
0.316719 0.546169 0.607774 0.263104 0.988308 0.717875 0.999894 0.961686 0.814747 0.190072
0.719248 0.480695 0.390312 0.216611 0.64153 0.547098 0.882652 0.81801 0.310588 0.396461
0.276904 0.292004 0.074493 0.942285 0.184844 0.577047 0.506216 0.764192 0.607772 0.601814
0.560974 0.491292 0.786445 0.086713 0.218339 0.392727 0.200342 0.75156 0.476418 0.439529
0.562362 0.678182 0.438546 0.638414 0.912857 0.455926 0.130818 0.455872 0.311795 0.793674
0.513983 0.089254 0.719204 0.536836 0.02413 0.546729 0.562664 0.616591 0.698299 0.900111
0.402065 0.14266 0.663291 0.035957 0.386198 0.905154 0.359927 0.736489 0.71135 0.946313
0.390999 0.652711 0.671622 0.556378 0.059774 0.618049 0.211911 0.607104 0.54656 0.558365
0.546794 0.850516 0.75358 0.495607 0.346073 0.161252 0.621278 0.235024 0.371162 0.61918
0.92265 0.398506 0.599906 0.090451 0.508518 0.834591 0.790429 0.876358 0.345952 0.440445
0.099475 0.438241 0.368116 0.049663 0.100946 0.919184 0.921618 0.486116 0.859326 0.895031
0.558394 0.162571 0.601913 0.764972 0.381129 0.044125 0.595187 0.791587 0.016948 0.963933
0.913856 0.708158 0.144012 0.123681 0.255385 0.107531 0.201008 0.749452 0.843475 0.357562
0.786931 0.877125 0.128161 0.545364 0.848733 0.765892 0.544821 0.38821 0.054701 0.018555
0.557834 0.499055 0.506759 0.689034 0.608299 0.684488 0.165126 0.295186 0.745562 0.070738
0.148412 0.436919 0.026643 0.113028 0.28794 0.090077 0.055596 0.462173 0.40852 0.835163
0.717563 0.302018 0.678473 0.126648 0.69576 0.384111 0.520675 0.96423 0.673151 0.91526
0.087532 0.145432 0.47647 0.538661 0.892496 0.900041 0.817252 0.942152 0.028931 0.309593
0.713772 0.550195 0.387089 0.237226 0.631762 0.496375 0.811468 0.386328 0.838613 0.785742
0.554456 0.365904 0.768004 0.575069 0.820948 0.438388 0.968587 0.520522 0.129746 0.772589
0.909809 0.436347 0.282289 0.366176 0.434966 0.489559 0.337601 0.159945 0.579595 0.808117
0.443805 0.362854 0.334177 0.5447 0.483138 0.460126 0.368097 0.00149 0.642034 0.480067
0.215654 0.221563 0.495579 0.075726 0.023543 0.473222 0.508804 0.091824 0.346368 0.176607
0.782071 0.526504 0.199216 0.554606 0.920359 0.470108 0.085683 0.122912 0.370877 0.340617
0.852719 0.256331 0.424404 0.225231 0.847139 0.045051 0.23724 0.555934 0.626211 0.499375
0.114594 0.284269 0.305915 0.612602 0.586282 0.758931 0.52008 0.487966 0.053089 0.565526
0.068963 0.71226 0.970058 0.393689 0.384319 0.410652 0.383755 0.613887 0.686128 0.743894
0.660265 0.081279 0.236595 0.139368 0.823897 0.916033 0.130841 0.658906 0.206337 0.304541
0.815017 0.702624 0.010076 0.901637 0.582038 0.987335 0.41211 0.248775 0.448682 0.968187
0.262589 0.857539 0.2943 0.877725 0.805954 0.878285 0.29415 0.112124 0.443503 0.51956
0.872257 0.810421 0.92606 0.728117 0.56662 0.430611 0.137913 0.962252 0.117012 0.232657
0.852479 0.400575 0.573564 0.007521 0.787753 0.1029 0.714815 0.153991 0.100122 0.404764
0.459573 0.535629 0.39696 0.035568 0.750561 0.154201 0.364351 0.533696 0.057301 0.269739
0.798993 0.683458 0.795436 0.738248 0.73526 0.999517 0.804238 0.338077 0.009692 0.037295
0.48013 0.521969 0.789114 0.906866 0.111839 0.638516 0.578547 0.633393 0.887537 0.349667
0.237488 0.87667 0.805266 0.363487 0.214452 0.391333 0.734743 0.474994 0.223171 0.733429
0.563436 0.951742 0.415022 0.897994 0.16478 0.904009 0.471366 0.025363 0.074193 0.811426
0.795834 0.692729 0.869981 0.191801 0.846783 0.990052 0.010434 0.747958 0.671528 0.873013
0.739306 0.501473 0.216021 0.243672 0.910772 0.87482 0.187818 0.456202 0.114625 0.739025
0.852689 0.53039 0.282004 0.912707 0.559232 0.623489 0.003417 0.947878 0.537343 0.943637
0.134509 0.650759 0.822575 0.692134 0.414165 0.822052 0.454978 0.939885 0.207026 0.933049
0.714042 0.576763 0.134836 0.409617 0.709617 0.722895 0.480751 0.639961 0.602129 0.698776
0.270754 0.320738 0.332715 0.725386 0.538904 0.802963 0.860986 0.992051 0.596946 0.20818
0.931405 0.405141 0.411109 0.622462 0.960291 0.717413 0.222313 0.596881 0.514198 0.141491
0.943721 0.174601 0.878367 0.763373 0.075189 0.419094 0.177175 0.853899 0.431228 0.645619
0.115339 0.516989 0.360927 0.456028 0.850232 0.295891 0.323947 0.198432 0.798407 0.572279
0.980782 0.583687 0.903507 0.475302 0.452094 0.629874 0.772205 0.789808 0.247264 0.091772
0.140592 0.529917 0.176167 0.167775 0.382174 0.555837 0.437109 0.325242 0.811033 0.581496
0.505332 0.183415 0.015589 0.485648 0.787623 0.833671 0.069048 0.382963 0.429146 0.624054
0.820821 0.889532 0.452753 0.853944 0.937924 0.901163 0.575022 0.647124 0.463989 0.364491
0.259426 0.732863 0.558247 0.399221 0.612255 0.584788 0.76406 0.535704 0.473425 0.166441
0.236277 0.064212 0.533593 0.094278 0.211664 0.256357 0.51005 0.487227 0.349765 0.47126
0.287835 0.255739 0.682383 0.380277 0.660935 0.049704 0.737638 0.117925 0.91421 0.503939
0.131095 0.40971 0.961339 0.900195 0.437142 0.005504 0.753308 0.581623 0.755428 0.307399
0.682504 0.003093 0.103986 0.824518 0.940718 0.95239 0.614585 0.099077 0.136662 0.953803
0.609318 0.288828 0.952013 0.12157 0.084964 0.749015 0.914241 0.613 0.748364 0.469237
0.681198 0.045196 0.907751 0.586374 0.802072 0.668529 0.307583 0.184043 0.665162 0.153678
0.488704 0.731581 0.803832 0.579314 0.984639 0.892498 0.968389 0.80829 0.274257 0.814987
0.908305 0.176894 0.144662 0.686163 0.840202 0.676625 0.208432 0.239079 0.957112 0.642146
0.588259 0.57948 0.942358 0.794991 0.37205 0.327024 0.169403 0.782186 0.108557 0.75215
0.525135 0.147929 0.481415 0.486084 0.765939 0.939035 0.160194 0.989602 0.414737 0.372832
0.228291 0.368652 0.905161 0.155499 0.664666 0.463293 0.072288 0.653544 0.23626 0.14417
0.98987 0.662211 0.255478 0.395295 0.6407 0.420497 0.671173 0.582947 0.49418 0.899407
0.207226 0.654723 0.660813 0.128463 0.597201 0.501755 0.884403 0.520332 0.867506 0.837511
0.219405 0.363526 0.32938 0.691753 0.635575 0.673212 0.72131 0.967032 0.194611 0.789504
0.963637 0.069833 0.29758 0.565419 0.551527 0.743496 0.789006 0.722468 0.024737 0.646539
0.998997 0.803325 0.577621 0.237549 0.717774 0.708142 0.794723 0.077251 0.273198 0.634523
0.667243 0.853449 0.231353 0.16618 0.548099 0.492463 0.311649 0.324199 0.621011 0.922304
0.774526 0.682184 0.883406 0.726863 0.904196 0.780081 0.330947 0.046799 0.71062 0.565974
0.499289 0.741771 0.307237 0.835078 0.926931 0.151282 0.616252 0.57037 0.398797 0.337627
0.745552 0.725173 0.43519 0.716834 0.588157 0.009394 0.466361 0.147006 0.059371 0.188457
0.912024 0.823947 0.794237 0.837276 0.931203 0.050432 0.362805 0.520558 0.449018 0.460227
0.144131 0.105536 0.766632 0.269187 0.280242 0.152888 0.925703 0.653999 0.89902 0.51694
0.766652 0.526321 0.488916 0.687895 0.797078 0.055552 0.086486 0.10654 0.913247 0.596297
0.100681 0.248294 0.091963 0.766303 0.470066 0.174872 0.178491 0.985391 0.403913 0.371039
0.595031 0.062066 0.49694 0.606199 0.173922 0.104624 0.848295 0.086375 0.247761 0.891968
0.58786 0.280884 0.962938 0.642161 0.132801 0.253833 0.053408 0.823979 0.400744 0.329351
0.226858 0.881299 0.670469 0.730457 0.770952 0.688641 0.280321 0.260728 0.122542 0.170372
0.209077 0.348952 0.702429 0.434299 0.384522 0.559613 0.870439 0.620322 0.472998 0.076665
0.321889 0.857235 0.634836 0.024363 0.709754 0.330089 0.326681 0.052741 0.434818 0.332416
0.020038 0.635701 0.789507 0.33153 0.087649 0.351326 0.714607 0.687546 0.249972 0.224999
0.504701 0.000575 0.474225 0.116936 0.685778 0.752735 0.699049 0.044713 0.20581 0.351748
0.948341 0.807462 0.005983 0.429103 0.673683 0.641811 0.102333 0.780926 0.393532 0.217413
0.824442 0.746025 0.906821 0.941761 0.822499 0.023452 0.984824 0.429717 0.590495 0.040085
0.263321 0.599111 0.486519 0.512974 0.863323 0.687769 0.581383 0.331815 0.883215 0.849384
0.774463 0.808128 0.750668 0.597447 0.338811 0.918803 0.158446 0.179284 0.320858 0.714032
0.566535 0.696259 0.986161 0.678582 0.267124 0.417175 0.718015 0.12462 0.334028 0.954072
0.551959 0.2182 0.326831 0.854637 0.507796 0.521661 0.667268 0.142394 0.228934 0.465434
0.239893 0.557853 0.761607 0.638943 0.215525 0.194493 0.449235 0.700834 0.122969 0.554616
0.167671 0.954833 0.963618 0.523602 0.074582 0.141992 0.779559 0.374969 0.86535 0.250201
0.680268 0.953816 0.196357 0.111911 0.902433 0.357205 0.268219 0.297358 0.637926 0.342687
0.809749 0.306387 0.523747 0.725519 0.45507 0.224883 0.141416 0.0483 0.309845 0.998177
0.806183 0.415501 0.473133 0.962492 0.442805 0.099727 0.435313 0.544171 0.239559 0.005751
0.628753 0.003831 0.165848 0.790994 0.609809 0.868481 0.925208 0.779121 0.887341 0.887633
0.193526 0.968226 0.893849 0.880467 0.115862 0.38823 0.255143 0.908472 0.846009 0.168207
0.090191 0.633533 0.377271 0.76932 0.059882 0.322932 0.169622 0.902489 0.872314 0.127364
0.239876 0.453123 0.539995 0.607496 0.459877 0.620708 0.900996 0.988772 0.673405 0.152996
0.733779 0.282242 0.477265 0.338078 0.643098 0.970417 0.496575 0.938179 0.346564 0.288885
0.343694 0.682793 0.207502 0.264664 0.70625 0.108537 0.458365 0.624701 0.566099 0.606455
0.208326 0.387774 0.755267 0.954411 0.268998 0.189487 0.137938 0.543522 0.573909 0.033221
0.421482 0.727448 0.562426 0.068273 0.278674 0.064855 0.108311 0.807111 0.051763 0.636144
0.8075 0.667657 0.741423 0.173602 0.256176 0.976746 0.792256 0.159626 0.470329 0.582299
0.567714 0.84249 0.256593 0.083707 0.428832 0.557053 0.331728 0.350287 0.821947 0.737555
0.185207 0.532297 0.602471 0.595193 0.186998 0.183285 0.53031 0.655713 0.072729 0.615071
0.809393 0.85179 0.443603 0.123052 0.568698 0.361425 0.321682 0.869833 0.557134 0.29733
0.074854 0.729671 0.873217 0.412769 0.926992 0.889914 0.483576 0.108533 0.489618 0.887496
0.798266 0.576625 0.452104 0.90571 0.365719 0.976401 0.599477 0.376575 0.173137 0.481586
0.458674 0.092694 0.394511 0.780833 0.417176 0.68114 0.132365 0.15206 0.02834 0.705779
0.913971 0.019272 0.545899 0.811633 0.168712 0.871754 0.358757 0.402746 0.608887 0.70491
0.964173 0.377771 0.084853 0.537439 0.049931 0.109974 0.565895 0.757054 0.084762 0.927228
0.504211 0.249445 0.973068 0.876049 0.539755 0.707015 0.080323 0.502418 0.771534 0.957911
0.651874 0.248752 0.937612 0.94452 0.050572 0.791955 0.812872 0.403991 0.533091 0.428692
0.723864 0.563356 0.717654 0.029142 0.656242 0.344794 0.312024 0.726022 0.81449 0.98642
0.043703 0.783048 0.32607 0.715477 0.209028 0.84853 0.757114 0.063905 0.636071 0.578733
0.026663 0.611295 0.161087 0.839172 0.81512 0.333401 0.579225 0.107977 0.605936 0.352241
0.272593 0.584078 0.781369 0.190591 0.40182 0.362712 0.321072 0.896922 0.681705 0.404369
0.054809 0.507835 0.160452 0.537541 0.397558 0.442319 0.788258 0.094992 0.440246 0.110978
0.19838 0.933255 0.852186 0.306577 0.598579 0.554578 0.624719 0.316122 0.61124 0.575853
0.480421 0.581329 0.848083 0.405564 0.419033 0.46057 0.152481 0.163484 0.322228 0.69666
0.497213 0.099272 0.972943 0.178304 0.010765 0.516259 0.935068 0.774413 0.473404 0.29447
0.265688 0.348926 0.034852 0.667498 0.613999 0.54361 0.786706 0.539438 0.136689 0.698675
0.366062 0.870926 0.886876 0.04085 0.682219 0.891259 0.3856 0.815446 0.402462 0.400228
0.928384 0.641824 0.008175 0.713114 0.70591 0.274161 0.628672 0.03957 0.685309 0.988387
0.594109 0.261652 0.712927 0.718525 0.336392 0.153858 0.556279 0.37357 0.559816 0.882931
0.123202 0.285504 0.426697 0.379107 0.978575 0.855992 0.398234 0.912893 0.967818 0.329529
0.230496 0.913094 0.421892 0.535641 0.170321 0.039627 0.424608 0.192261 0.420594 0.363526
0.334693 0.24484 0.797314 0.455056 0.172751 0.004308 0.116446 0.871935 0.604701 0.438879
0.438409 0.99169 0.301677 0.961797 0.345446 0.217875 0.925282 0.848863 0.044771 0.700225
0.318636 0.091422 0.348665 0.688576 0.45136 0.627373 0.777156 0.399947 0.047695 0.366879
0.132047 0.476582 0.459322 0.918368 0.519204 0.2513 0.290261 0.271043 0.249109 0.355629
0.394514 0.802967 0.202183 0.863775 0.284276 0.240454 0.796265 0.779076 0.543355 0.650013
0.195982 0.525442 0.59376 0.052563 0.207666 0.126988 0.224532 0.024862 0.494482 0.97421
0.528454 0.624763 0.135255 0.077723 0.102062 0.25543 0.886378 0.149968 0.003107 0.252516
0.221687 0.607111 0.17663 0.601949 0.962413 0.184562 0.583971 0.998393 0.744808 0.88943
0.718163 0.329924 0.156635 0.162604 0.516912 0.133479 0.055148 0.70897 0.673813 0.642241
0.03483 0.18501 0.739081 0.433331 0.306847 0.546367 0.255447 0.452281 0.713221 0.46901
0.725409 0.977601 0.467966 0.572766 0.392726 0.704013 0.97912 0.213015 0.266579 0.703184
0.827112 0.941971 0.411259 0.876647 0.94028 0.59329 0.238519 0.209297 0.221599 0.85252
0.440237 0.283128 0.906579 0.620555 0.066025 0.537902 0.531158 0.943943 0.224877 0.71725
0.815762 0.302697 0.922789 0.177956 0.975792 0.128277 0.579557 0.95122 0.165517 0.06525
0.040994 0.061557 0.908059 0.508351 0.801105 0.328714 0.931001 0.23972 0.155513 0.772958
0.361109 0.217055 0.093725 0.494009 0.277579 0.678236 0.727548 0.189639 0.146439 0.906116
0.097301 0.657426 0.870384 0.364952 0.690197 0.033915 0.627462 0.673996 0.78131 0.00167
0.687514 0.334351 0.546721 0.53312 0.836081 0.875284 0.994547 0.262293 0.233782 0.137795
0.082958 0.120248 0.302846 0.83885 0.091704 0.634091 0.657466 0.89071 0.264411 0.238046
0.05402 0.429956 0.447142 0.95106 0.095137 0.125583 0.946448 0.131554 0.025365 0.033799
0.319413 0.113442 0.884733 0.202485 0.594905 0.070133 0.892678 0.362819 0.327438 0.292902
0.610949 0.47095 0.074126 0.02721 0.498884 0.968524 0.588363 0.003841 0.744027 0.38685
0.799003 0.374565 0.948829 0.358127 0.088084 0.293883 0.706331 0.739233 0.264095 0.529315
0.739866 0.79533 0.45474 0.053706 0.020209 0.864249 0.592148 0.559059 0.328876 0.52636
0.391366 0.383243 0.97928 0.840102 0.471461 0.62431 0.69934 0.134553 0.608031 0.363655
0.255697 0.364771 0.688818 0.251551 0.690995 0.409685 0.175416 0.805423 0.368489 0.157309
0.589891 0.345673 0.966113 0.088339 0.623682 0.164081 0.312143 0.904512 0.79308 0.676939
0.020656 0.223978 0.605922 0.965678 0.765641 0.58451 0.538228 0.006484 0.930755 0.219917
0.851547 0.058134 0.938974 0.233584 0.745305 0.612542 0.488261 0.45053 0.300535 0.296253
0.673759 0.044894 0.97133 0.720185 0.179278 0.118053 0.011324 0.254488 0.117256 0.478272
0.000957 0.854479 0.429741 0.910242 0.769991 0.092617 0.912415 0.491382 0.388225 0.623575
0.444189 0.982699 0.30016 0.90064 0.740144 0.259741 0.327498 0.840534 0.051062 0.620053
0.477246 0.105856 0.463148 0.854341 0.61993 0.566586 0.525681 0.722248 0.712734 0.510433
0.750908 0.625422 0.610455 0.682191 0.386714 0.271526 0.075098 0.805103 0.533307 0.70601
0.826809 0.95495 0.369442 0.778044 0.641563 0.640249 0.754477 0.56684 0.239335 0.238908
0.872157 0.961619 0.08064 0.097612 0.278061 0.433871 0.65293 0.003546 0.788189 0.648845
0.070446 0.201704 0.967568 0.5149 0.141343 0.376921 0.323392 0.981046 0.510064 0.108334
0.93225 0.157379 0.923565 0.785378 0.626022 0.158338 0.913397 0.738783 0.511311 0.809819
0.215709 0.338022 0.21008 0.923975 0.745321 0.214844 0.85888 0.873745 0.112853 0.614552
0.551236 0.59929 0.313893 0.950319 0.589777 0.182939 0.010928 0.791268 0.329952 0.489279
0.492915 0.159563 0.235295 0.29811 0.017926 0.961689 0.981797 0.947679 0.411373 0.375568
0.673704 0.635665 0.65582 0.004456 0.133844 0.455149 0.514803 0.84718 0.282413 0.734831
0.833501 0.821057 0.60863 0.174478 0.973358 0.032748 0.031655 0.826341 0.568975 0.478828
0.825409 0.546871 0.156444 0.7631 0.82156 0.839078 0.250663 0.385557 0.881536 0.868488
0.147243 0.87699 0.297041 0.802762 0.582458 0.465217 0.193907 0.622609 0.752939 0.184813
0.182061 0.997454 0.784012 0.015536 0.388925 0.427474 0.300019 0.599983 0.733175 0.839866
0.759432 0.529629 0.565451 0.13799 0.549217 0.383036 0.96569 0.599059 0.591025 0.671657
0.751835 0.951961 0.710862 0.055921 0.462338 0.061843 0.989967 0.277195 0.389666 0.974738
0.685194 0.210779 0.73641 0.824496 0.813709 0.130124 0.765048 0.725784 0.635329 0.445358
0.427804 0.817675 0.831521 0.836751 0.911153 0.845284 0.584043 0.837411 0.59974 0.99458
0.590495 0.053431 0.98698 0.738446 0.332435 0.251082 0.664424 0.620498 0.260381 0.264241
0.486094 0.239601 0.530212 0.459789 0.108667 0.887816 0.32025 0.509009 0.862178 0.440177
0.387959 0.969732 0.699547 0.04119 0.52547 0.833072 0.480456 0.901596 0.905298 0.069455
0.488484 0.804017 0.049463 0.718795 0.454212 0.203538 0.837878 0.034434 0.758111 0.952661
0.444829 0.143179 0.669993 0.787429 0.582415 0.949301 0.645913 0.681962 0.485725 0.560417
0.167291 0.329027 0.544411 0.893573 0.805631 0.926513 0.291235 0.879948 0.456902 0.286061
0.913797 0.799417 0.529751 0.123894 0.941633 0.35559 0.040962 0.599237 0.271777 0.151687
0.865042 0.582242 0.174259 0.941012 0.630306 0.327526 0.455824 0.636813 0.714256 0.939972
0.320573 0.497377 0.000347 0.804575 0.650886 0.252388 0.725831 0.515781 0.137419 0.461856
0.204398 0.960916 0.913365 0.852998 0.605869 0.082494 0.628732 0.105226 0.243383 0.339593
0.36069 0.342423 0.637577 0.78884 0.671777 0.642376 0.373225 0.748377 0.893475 0.125754
0.919667 0.508777 0.400256 0.239958 0.462961 0.920276 0.20082 0.559525 0.968126 0.769328
0.51994 0.074284 0.572857 0.531123 0.336057 0.232038 0.516513 0.940962 0.25788 0.807359
0.423771 0.935344 0.245452 0.268234 0.548428 0.39915 0.421619 0.509463 0.154522 0.882009
0.995373 0.444919 0.147347 0.009712 0.771011 0.227373 0.50748 0.219856 0.795559 0.987133
0.385661 0.296701 0.738401 0.119355 0.927881 0.608853 0.935377 0.859565 0.959988 0.900843
0.408735 0.942969 0.306918 0.385649 0.024746 0.934625 0.519467 0.36099 0.220323 0.536042
0.192572 0.804774 0.109254 0.54434 0.788404 0.274041 0.313539 0.075646 0.182733 0.818295
0.361063 0.066857 0.013366 0.726215 0.129601 0.49181 0.881151 0.383045 0.649409 0.645158
0.62528 0.061609 0.969292 0.848347 0.086147 0.649923 0.221617 0.919859 0.268511 0.465796
0.717379 0.323826 0.183649 0.929049 0.324205 0.539068 0.846874 0.643385 0.275577 0.294694
0.127806 0.229541 0.168202 0.991909 0.332609 0.032059 0.692257 0.249568 0.447527 0.504316
0.364511 0.182717 0.022552 0.528641 0.434019 0.718537 0.344113 0.156396 0.463239 0.908223
0.684869 0.059712 0.09487 0.480148 0.163484 0.308957 0.607964 0.886986 0.410875 0.64561
0.391035 0.91759 0.681639 0.435792 0.842676 0.95954 0.374587 0.985788 0.442716 0.01942
0.679756 0.913216 0.04151 0.124628 0.87259 0.852815 0.967324 0.684256 0.485594 0.176833
0.433119 0.439454 0.32243 0.965393 0.554567 0.569377 0.552961 0.419217 0.194568 0.679076
0.977919 0.77471 0.174533 0.3571 0.55156 0.27772 0.979431 0.09828 0.97887 0.884622
0.038995 0.078054 0.345233 0.89101 0.271505 0.120463 0.695514 0.045693 0.327365 0.775232
0.923392 0.846618 0.851529 0.092068 0.256839 0.212082 0.280501 0.186019 0.894255 0.822849
0.786874 0.540544 0.897711 0.285347 0.470736 0.073875 0.784329 0.10921 0.829917 0.912522
0.206211 0.279441 0.6356 0.744869 0.926981 0.617599 0.118477 0.522726 0.817763 0.015061
0.356439 0.198958 0.47754 0.691194 0.27859 0.119792 0.029741 0.440612 0.773764 0.185763
0.940921 0.167611 0.678939 0.05711 0.838331 0.975036 0.334521 0.215464 0.009241 0.448769
0.819565 0.092956 0.036832 0.613315 0.81199 0.68991 0.253774 0.750033 0.267344 0.074431
0.534206 0.615968 0.397695 0.800911 0.947006 0.715609 0.779034 0.219025 0.177281 0.498383
0.758755 0.921981 0.990809 0.450184 0.512332 0.829419 0.437184 0.664969 0.037588 0.035763
0.966557 0.243698 0.725284 0.737781 0.181724 0.652785 0.172856 0.41893 0.370092 0.763573
0.159745 0.964339 0.874583 0.964936 0.916472 0.114299 0.22028 0.932946 0.162033 0.159118
0.933337 0.616216 0.462434 0.392873 0.443658 0.307109 0.5356 0.697486 0.863045 0.224655
0.919638 0.04371 0.371889 0.696322 0.186933 0.611889 0.958395 0.065239 0.745012 0.750878
0.685323 0.428868 0.021128 0.557106 0.301565 0.139222 0.51717 0.284935 0.038187 0.620094
0.071931 0.933166 0.018045 0.432337 0.257009 0.803015 0.770882 0.48531 0.999755 0.129263
0.312201 0.423606 0.178835 0.573009 0.337621 0.296443 0.874923 0.356635 0.077819 0.689924
0.799323 0.560827 0.411705 0.201218 0.126841 0.423978 0.348794 0.929511 0.310015 0.135146
0.874124 0.311673 0.931103 0.325628 0.198664 0.845659 0.339965 0.670082 0.249698 0.286441
0.18672 0.903641 0.691532 0.356547 0.946475 0.091299 0.027088 0.515475 0.621857 0.475116
0.326321 0.255952 0.033343 0.361672 0.350827 0.804903 0.24553 0.379803 0.615349 0.17502
0.013184 0.556496 0.521023 0.863609 0.154933 0.109996 0.553661 0.97833 0.011658 0.103223
0.257427 0.789881 0.524908 0.075316 0.321079 0.995517 0.271882 0.192945 0.106763 0.826217
0.188332 0.021744 0.330711 0.494088 0.301915 0.408338 0.766194 0.245096 0.719388 0.682504
0.148222 0.871432 0.770057 0.148965 0.841266 0.796564 0.024589 0.583831 0.197338 0.946452
0.763588 0.279717 0.712662 0.506859 0.510585 0.525296 0.541079 0.381041 0.931161 0.378725
0.732936 0.331059 0.299617 0.95466 0.681784 0.375853 0.15777 0.641155 0.107124 0.015754
0.490929 0.21503 0.400639 0.490173 0.200318 0.764375 0.884936 0.374028 0.114374 0.418454
0.395861 0.394204 0.104158 0.114181 0.520984 0.738646 0.743786 0.016916 0.55196 0.920686
0.831206 0.263703 0.293728 0.628071 0.655343 0.206698 0.405123 0.752431 0.82318 0.413332
0.731534 0.031169 0.58842 0.450703 0.183446 0.008747 0.043718 0.520114 0.916483 0.362437
0.182818 0.278914 0.235267 0.610314 0.348368 0.913371 0.154306 0.961358 0.800427 0.824819
0.625099 0.562148 0.649728 0.125637 0.227434 0.328154 0.608421 0.341108 0.114868 0.11344
0.202936 0.02689 0.993078 0.932409 0.21732 0.979936 0.260662 0.252454 0.657694 0.884187
0.762777 0.052717 0.87111 0.227113 0.009581 0.833443 0.643733 0.104736 0.069562 0.84465
0.188902 0.132516 0.165585 0.45438 0.124888 0.505617 0.948517 0.139883 0.085697 0.543782
0.209307 0.690176 0.572362 0.130111 0.034987 0.973352 0.634365 0.309655 0.876068 0.72839
0.85321 0.169719 0.136661 0.657432 0.319922 0.103879 0.05616 0.412161 0.240577 0.10137
0.096686 0.235442 0.663935 0.116981 0.362122 0.129416 0.928514 0.288871 0.972849 0.949587
0.555683 0.346462 0.745756 0.670832 0.127784 0.193981 0.722172 0.86647 0.639661 0.67465
0.024466 0.062162 0.942608 0.915965 0.613192 0.632631 0.897199 0.974099 0.242587 0.398237
0.142727 0.985712 0.027657 0.816962 0.606426 0.05797 0.159727 0.844884 0.867335 0.000152
0.163684 0.145675 0.924778 0.483006 0.389509 0.639565 0.163362 0.147654 0.198423 0.333837
0.448425 0.230445 0.084139 0.258038 0.541901 0.257479 0.475573 0.936039 0.418748 0.877027
0.093104 0.287825 0.706935 0.125495 0.96658 0.633349 0.931847 0.258501 0.823221 0.281207
0.231975 0.336648 0.944151 0.142819 0.59087 0.670862 0.630947 0.760172 0.191397 0.249885
0.786586 0.848025 0.611707 0.468958 0.569543 0.685974 0.712761 0.350037 0.901186 0.322561
0.952911 0.729345 0.963986 0.735377 0.95967 0.164484 0.072716 0.831626 0.509467 0.173467
0.192886 0.516995 0.627283 0.832654 0.719451 0.32856 0.415664 0.644907 0.647466 0.960419
0.136972 0.355328 0.012174 0.452377 0.095287 0.296606 0.568177 0.325127 0.43171 0.691332
0.917055 0.020423 0.590891 0.061725 0.609597 0.042393 0.212805 0.426825 0.786845 0.891676
0.226069 0.241329 0.323631 0.110438 0.899898 0.146338 0.678559 0.904057 0.300184 0.943527
0.360997 0.705654 0.135063 0.26989 0.724531 0.663578 0.498942 0.577567 0.459386 0.557323
0.794635 0.849094 0.108742 0.389722 0.038446 0.558311 0.129256 0.858277 0.652018 0.935583
0.251211 0.919398 0.696482 0.999547 0.463202 0.796888 0.455567 0.350181 0.838562 0.434024
0.057157 0.480146 0.78091 0.994636 0.987584 0.304667 0.484374 0.693707 0.156424 0.340795
0.961833 0.652265 0.122993 0.697499 0.951035 0.889385 0.68071 0.582026 0.721673 0.19435
0.360118 0.255462 0.285536 0.072539 0.115552 0.32726 0.51794 0.808659 0.48127 0.444528
0.645815 0.627202 0.110704 0.167206 0.061309 0.283224 0.683574 0.904075 0.942054 0.91209
0.679762 0.507975 0.912702 0.761884 0.475913 0.451911 0.135865 0.338421 0.958789 0.766844
0.199642 0.508765 0.745547 0.029438 0.576317 0.181303 0.525315 0.123736 0.651166 0.095665
0.899975 0.517121 0.494303 0.350017 0.038434 0.446454 0.305665 0.423432 0.226806 0.5405
0.460544 0.345818 0.041768 0.549553 0.995454 0.437333 0.782936 0.414543 0.192723 0.722006
0.836684 0.611353 0.133978 0.669811 0.278969 0.869021 0.821697 0.118153 0.651675 0.306968
0.816398 0.666499 0.077822 0.134768 0.831636 0.444266 0.710547 0.705385 0.223685 0.264268
0.640017 0.854334 0.355233 0.522598 0.717144 0.122073 0.570209 0.903667 0.744907 0.613574
0.89551 0.901635 0.353044 0.000171 0.672701 0.410207 0.921724 0.555292 0.315439 0.269345
0.952378 0.990594 0.002479 0.838516 0.214256 0.927478 0.451205 0.032152 0.680529 0.530835
0.36014 0.078961 0.120142 0.440437 0.976003 0.860595 0.585228 0.053986 0.271308 0.803044
0.465816 0.548711 0.98136 0.316043 0.970725 0.56877 0.165586 0.956742 0.639126 0.788826
0.657676 0.095217 0.955932 0.865862 0.879135 0.720144 0.135657 0.249253 0.72909 0.35547
0.319824 0.824245 0.292409 0.25175 0.68665 0.744453 0.010195 0.098427 0.519995 0.800615
0.927935 0.963195 0.976847 0.110263 0.25775 0.836924 0.568309 0.720499 0.005691 0.707349
0.947714 0.059934 0.819606 0.333711 0.481198 0.881422 0.439417 0.784081 0.598958 0.308017
0.598273 0.632266 0.216661 0.452662 0.776653 0.202729 0.558418 0.019674 0.397126 0.88792
0.690913 0.678249 0.657415 0.917972 0.662467 0.727756 0.870806 0.936922 0.297551 0.986752
0.590575 0.72454 0.637027 0.288068 0.191389 0.042825 0.605441 8.4e-05 0.113255 0.412848
0.944425 0.504269 0.530191 0.888049 0.98163 0.59398 0.444184 0.80159 0.17588 0.091251
0.087478 0.380255 0.668763 0.005008 0.982215 0.119279 0.913851 0.982413 0.117836 0.933942
0.301318 0.313981 0.83328 0.900224 0.298383 0.823352 0.029655 0.407619 0.92436 0.409628
0.180642 0.015923 0.369521 0.434926 0.876199 0.014953 0.089998 0.747736 0.606897 0.19309
0.55638 0.990673 0.449805 0.921064 0.586671 0.231387 0.72044 0.999357 0.645997 0.632986
0.28109 0.589157 0.662606 0.351461 0.290573 0.774399 0.727931 0.321082 0.002661 0.710369
0.263335 0.698382 0.512578 0.204768 0.269385 0.380035 0.222878 0.225187 0.531121 0.940188
0.508821 0.251518 0.254823 0.818424 0.122733 0.006142 0.486676 0.942797 0.314381 0.91465
0.704917 0.356989 0.584352 0.002277 0.184532 0.62992 0.029252 0.405908 0.070447 0.473727
0.43325 0.169978 0.67006 0.510399 0.738063 0.964628 0.203699 0.617522 0.002259 0.208371
0.354892 0.648402 0.852481 0.103407 0.459111 0.585275 0.691208 0.068471 0.145237 0.00745
0.925774 0.969454 0.423697 0.302816 0.755045 0.495404 0.998572 0.050714 0.314757 0.740968
0.531085 0.485855 0.431429 0.490875 0.326471 0.238194 0.720922 0.993322 0.667071 0.233593
0.916786 0.618045 0.370338 0.081061 0.41266 0.421713 0.961515 0.065742 0.982979 0.685145
0.317388 0.48653 0.664494 0.528559 0.597592 0.105781 0.389278 0.139708 0.816849 0.393787
0.642158 0.024968 0.652944 0.968733 0.835259 0.321192 0.075925 0.910429 0.809146 0.312234
0.780109 0.876825 0.884372 0.024906 0.536296 0.94516 0.006883 0.009721 0.136697 0.017333
0.529081 0.220865 0.822297 0.026145 0.927384 0.723947 0.398026 0.969263 0.593745 0.303865
0.177642 0.402538 0.159641 0.592322 0.527044 0.182871 0.619465 0.18261 0.135205 0.98358
0.503593 0.004824 0.315154 0.041964 0.075334 0.71056 0.103256 0.034953 0.130919 0.683592
0.671282 0.959018 0.298786 0.552583 0.156708 0.942759 0.287155 0.803998 0.32393 0.624891
0.851453 0.631857 0.625316 0.307046 0.285819 0.362421 0.804235 0.714723 0.692645 0.824394
0.345758 0.097686 0.991407 0.566104 0.52838 0.655573 0.965175 0.29178 0.977431 0.66609
0.129319 0.259608 0.622097 0.457434 0.074049 0.558542 0.250263 0.404111 0.298169 0.372652
0.759995 0.562847 0.854544 0.92755 0.818692 0.194551 0.982362 0.539546 0.866991 0.345912
0.058914 0.543704 0.466421 0.785029 0.635782 0.951248 0.910862 0.52746 0.614326 0.975442
0.770215 0.874679 0.895364 0.496693 0.053082 0.287849 0.224107 0.056091 0.122322 0.602713
0.153973 0.503543 0.232368 0.254853 0.833671 0.988079 0.627841 0.011915 0.066545 0.047347
0.498144 0.756256 0.647601 0.11549 0.09937 0.374429 0.871756 0.226924 0.0584 0.652812
0.156027 0.483662 0.598314 0.783828 0.52677 0.04792 0.929518 0.198577 0.395727 0.305075
0.118112 0.23394 0.937409 0.783288 0.064129 0.97725 0.146647 0.852751 0.894885 0.457946
0.766209 0.053701 0.65358 0.62338 0.029937 0.942924 0.483471 0.935328 0.068051 0.375946
0.436265 0.79636 0.007447 0.808166 0.22581 0.069387 0.819417 0.56776 0.806393 0.424043
