-2.988118930897758728e-03 2.436032927933969194e+00 -2.517958705939528752e+00 -1.365745107160462268e+01
3.226368729047396529e-03 -6.009544608134274046e-01 -1.295383649082278765e+00 -2.349865983118531343e+00
1.310564986819715092e-03 8.039332859926643593e+00 -2.325952659094047970e-01 -1.292484669572657197e+01
1.497746100535720477e-03 2.200922821469531332e+00 -1.236978511567176087e+00 -1.261197430670930153e+01
1.246689706329244052e-03 3.921017095668976604e-01 -9.005744694943604856e-01 -6.707282971613506284e+00
-8.531836087564014957e-04 1.306318395345155103e+01 2.000931944578490940e-01 -1.264326262260261835e+01
1.399998474651500350e-03 5.013852422547884657e+00 -1.003487188226388716e+00 -1.203323395586132882e+01
-1.113315786433085892e-03 3.553526703015724486e+00 -1.748354229385209457e+00 -1.193272078122747359e+01
7.208706985353445593e-04 3.507867331846005410e+00 2.880775218470510990e-01 -7.470658793094681727e+00
-5.475646660213591074e-03 3.498205672526124577e+00 -2.328371350107389937e+00 -1.305949154075079122e+01
-5.908084189260533539e-03 -3.024916640901157971e-01 -1.170031003576483153e+00 -1.969420364194044426e+00
1.468409096475362585e-03 1.010614578811630615e+01 3.211089515366133407e-01 -1.069125977243530734e+01
5.905012629052118186e-04 9.082923680218343065e+00 2.848556315807011519e-01 -8.720199622231634251e+00
9.837693293964070752e-04 4.636088298804919461e+00 -2.035363919436338875e+00 -1.351237155150428748e+01
1.100291207758563811e-03 4.209355804489848474e+00 -6.624267607217837472e-01 -8.864582444589132137e+00
-1.694061692920465325e-03 1.355566953678727948e+01 7.097121171339648704e-01 -1.535084442646128977e+01
1.336939123885241842e-04 5.683488679040265446e+00 3.587051001668867256e-01 -6.642532125944956789e+00
-4.012833244744281745e-04 2.073254668866546524e-01 -1.341245085525308633e+00 -2.436322178299358931e+00
-3.616223961609412764e-03 -4.097941607850949519e-01 -1.136695704318340994e+00 -2.086307975892666811e+00
9.409320589372490795e-04 1.718307983118088966e+00 -5.953192646099606522e-01 -7.010237189312730877e+00
1.370826122535482314e-03 4.231537499530867663e+00 2.442215825107879046e-01 -6.620974002957956017e+00
4.944559812706615773e-05 3.944547992074287079e-01 -7.117209491102814978e-01 -1.362834835808885892e+01
1.269401974623186489e-03 4.197689710088459591e+00 -1.462476173880016939e+00 -1.260683892177181953e+01
-1.672214897873512945e-03 6.229992264235558963e+00 -1.250012038406511428e+00 -1.163798082252577615e+01
1.373470315442053020e-03 1.826819945844710746e+00 -1.361103258819355233e+00 -1.258838758147808612e+01
-2.771772674101067105e-03 2.241170225854477493e+01 2.771757953300387212e-01 -2.439119766799176148e+01
-5.099144980002724866e-05 5.231497167785897240e+00 -1.022058021052156596e+00 -9.452238793286936058e+00
1.403863450838672587e-03 1.007827627231089984e+01 -4.527793408564213529e-01 -1.224934805897269996e+01
-7.263109087009610686e-03 -3.611755908294543849e-01 5.385456623724373948e-01 -1.615562841768891644e+00
-1.753983222060870751e-03 6.201277757288497838e+00 -2.808532343096446088e-02 -1.014202012955076526e+01
1.428470190329570290e-03 2.583969594921380342e+00 1.490317224275643726e+00 -8.854104773497059711e+00
1.272862012216241945e-03 1.697427679409605927e+00 -1.010766861984276455e+00 -9.216513291486167603e+00
-1.319345325149943625e-03 2.403148529572316505e+00 -8.776828712614467287e-01 -1.112091765997080905e+01
-1.073876534396439944e-03 2.905770632177321122e+00 7.208221009805981794e-01 -8.283546818307206294e+00
2.147014686132509898e-04 3.275752512773923542e+00 -1.173290816639491529e+00 -1.104043573929523880e+01
9.082059417446685040e-04 3.339963215012891062e+00 -3.935083918432606964e-01 -1.007731800096427044e+01
1.314839496817742917e-03 2.899390283122134537e+00 -7.218674065980857923e-01 -1.220457693260400944e+01
-1.586842544601603814e-03 5.105755176079705748e+00 -3.194603366588768534e-01 -7.322538482564041828e+00
1.408816704243161201e-03 5.322265043565478138e+00 -3.341918152828643462e-01 -7.020035704167363555e+00
4.049576498437870774e-04 4.250820528320639724e+00 1.535268623604790494e-01 -6.643235186109707868e+00
7.741307173616026726e-04 5.716450098007788583e+00 1.563883891409191262e-01 -7.746678844860353408e+00
-4.767333745112897932e-03 6.010754549598524399e+00 6.031639213278947725e-02 -7.113396156476783361e+00
1.512551639882844193e-03 1.703173916014528499e+00 -1.263117356134514813e+00 -1.108792887743398303e+01
-2.388000079775879844e-03 4.088220872768159708e+00 -1.488807677925824802e+00 -1.034570412768505498e+01
5.371432503903410738e-04 3.186107582279697148e+00 -2.002644194638651953e+00 -1.389736528135278881e+01
1.354229979459595874e-03 6.134060979010493853e+00 -1.245203102956875946e-01 -8.192058279879658400e+00
2.563573138557881389e-06 4.162483579820976054e+00 -1.639169700311834177e+00 -1.244500544394746200e+01
-3.132973089354222640e-03 9.507942391321110520e+00 2.388584963901263791e-01 -9.468866261694145692e+00
9.425964369155267336e-04 2.781432781855270875e+01 1.106347761058148471e+00 -2.733851609160586094e+01
1.122632874830740545e-03 2.164373429346970301e+00 -1.193396492690249167e+00 -1.175675681125564864e+01
