9.435086317929239352e-02
1.096627380270755459e-01
2.706160833157122969e-02
9.430084781282205633e-03
2.131122503443378530e-02
5.886081080432346846e-02
2.402208273674738895e-02
4.384095379260569136e-02
3.408772346144299525e-02
8.389137948913541476e-02
1.452537015061014514e-01
1.586980470248532810e-02
4.721684796787978949e-02
3.192768455845049203e-02
3.082891880127444292e-02
8.099528048802613622e-02
6.055245991333548655e-02
9.038239559007336943e-02
1.121938478704238989e-01
2.997335191277829269e-02
2.082659795659314375e-02
4.972433701044366022e-02
4.291566720839912197e-03
7.620083691019070848e-02
3.436525347143018494e-02
8.780419318199712830e-02
5.193897075312512573e-02
1.038976655443846382e-02
1.356617125732650087e-01
6.483502058889946407e-02
1.128488976294455236e-02
1.753882289458587318e-02
8.671972071775602142e-02
5.291561426300569332e-02
5.595873805431227782e-02
2.990144324880897667e-02
2.705177119873773336e-02
7.284860411243725131e-02
2.675795337385078812e-02
3.576824842375973118e-02
3.205661702960230924e-02
1.081346235245736059e-01
6.381311436762270202e-03
7.632153347069230154e-02
3.788680333696875513e-02
3.824944873427398723e-02
4.092576586050555160e-02
8.454748444977751298e-02
4.532734186609370386e-02
2.114574481860108726e-02
