2.857994272820765236e-01
2.877412606218525681e-01
2.929264605635573115e-01
2.897977196680652789e-01
2.907497573057725160e-01
2.957000496750901708e-01
2.847673021530639503e-01
2.979978793074162802e-01
2.855420457182543115e-01
2.820517204807444500e-01
2.834687890454801185e-01
2.893554162875762725e-01
2.868680533990108916e-01
2.871161888862863720e-01
2.857800805329879790e-01
2.892266057302873561e-01
2.884296505073661310e-01
2.850450498430182056e-01
2.880737538882892079e-01
2.849085537035905835e-01
2.939051703942837657e-01
2.851682458535334530e-01
2.857119430838797602e-01
2.965475582413957256e-01
2.878217541672584701e-01
2.769660199594904948e-01
2.870916690923634440e-01
2.884929528786226438e-01
2.867714267329642963e-01
2.896276031258516181e-01
2.857633423125095495e-01
2.896325600112363841e-01
2.931485350444887894e-01
2.957126764579989797e-01
2.857414442535937682e-01
2.843584438996512587e-01
2.909394964852967114e-01
2.854468132696330041e-01
2.844881484089402668e-01
2.891916770503217826e-01
2.876730087926995250e-01
2.939251915692274175e-01
2.867424334239672135e-01
2.951653775599911711e-01
2.886373763682503202e-01
2.854082150874061030e-01
2.846677484325605412e-01
2.919589513954377602e-01
2.946031096524170390e-01
2.873592368761098137e-01
