9.912107050964904520e-01
9.918061320213543697e-01
9.994962898063528556e-01
1.000088029761722730e+00
9.997351348015854899e-01
9.967536173727311599e-01
9.994605166714927158e-01
9.989185888625063958e-01
9.990886651062516055e-01
9.943221666720608587e-01
9.813768070268612531e-01
9.997677261055029074e-01
9.982216044493976703e-01
9.989944690965709695e-01
9.992354975413868523e-01
9.935947314516708762e-01
9.963891711730119560e-01
9.942815348398971187e-01
9.891428953535273960e-01
9.992007231149807600e-01
9.996295726372809165e-01
9.975833911096390061e-01
1.000415249542718099e+00
9.951505543899650252e-01
9.993340409171803662e-01
9.924979865005985058e-01
9.974585398317092899e-01
9.999687167882338468e-01
9.827161357525291407e-01
9.967624471996449076e-01
1.000280492087741502e+00
9.998074663867069223e-01
9.926853251611162943e-01
9.980154399939211718e-01
9.972589790698198620e-01
9.994192193882303066e-01
1.000005795844795431e+00
9.950524079567574232e-01
9.993518672750858478e-01
9.989044200973956622e-01
9.990360138575375970e-01
9.884170933864696584e-01
1.000002596832699542e+00
9.943111809142584079e-01
9.986915391098440953e-01
9.988542395272550500e-01
9.985789711429675641e-01
9.930646374152956035e-01
9.980774246591980203e-01
9.996937531963143719e-01
