79 0
31 0
62 1
48 0
26 1
70 0
53 1
62 1
14 0
31 1
50 1
46 0
18 1
52 0
60 0
31 1
28 1
36 0
60 1
37 0
45 1
50 1
50 0
20 0
47 0
35 1
35 0
55 0
40 1
74 1
36 1
74 1
28 0
17 0
50 0
55 0
16 1
38 1
25 0
25 0
53 1
35 1
58 0
69 1
13 0
52 1
15 0
23 0
72 0
20 1
46 0
18 1
22 1
28 1
39 1
29 0
31 1
67 1
64 1
57 1
57 1
38 0
72 1
13 1
17 0
46 1
46 0
57 0
72 1
64 0
21 0
39 1
15 1
51 0
48 1
73 0
40 1
66 1
27 0
77 1
33 0
47 0
19 0
41 1
38 1
41 1
49 0
24 0
20 0
36 1
39 0
71 0
24 0
20 1
58 0
74 0
50 1
29 0
38 1
67 1
24 0
16 0
35 0
60 0
65 0
36 0
20 0
29 1
28 1
21 0
43 0
54 1
28 1
55 1
23 1
61 0
74 1
15 1
59 0
52 1
33 1
25 0
68 1
65 1
39 1
12 1
13 0
52 0
78 1
57 1
19 1
63 0
25 1
70 0
74 1
74 0
79 1
73 0
13 0
75 0
36 1
45 0
49 0
71 1
17 1
65 1
30 0
22 0
52 0
60 0
22 1
55 0
48 0
77 0
79 0
71 1
43 0
58 1
25 0
17 1
68 0
29 1
35 1
21 1
41 1
12 1
15 1
35 1
62 1
70 0
70 0
78 1
18 1
60 0
15 1
35 0
51 0
51 1
66 1
54 1
71 1
77 0
61 0
71 1
14 1
26 1
45 0
31 0
50 1
51 0
26 0
78 1
15 0
18 0
76 0
59 1
62 0
76 1
79 0
40 0
77 1
79 1
49 0
57 0
29 0
33 0
66 1
47 1
68 1
62 0
48 1
39 0
22 0
36 0
46 0
44 1
13 1
29 0
54 0
32 1
43 0
44 1
57 0
66 0
61 1
59 1
77 0
41 1
36 1
43 0
15 0
79 0
30 0
26 1
67 1
21 0
62 1
47 1
44 0
43 1
36 1
19 0
28 0
29 1
68 1
62 0
43 0
72 1
45 1
70 0
77 0
35 0
32 0
38 1
24 0
71 0
64 1
20 0
57 1
36 0
41 1
74 1
73 1
58 1
72 0
41 0
18 1
14 1
60 0
66 0
59 0
69 0
18 0
12 1
50 1
26 0
39 0
78 0
33 1
26 1
24 0
29 0
48 1
45 0
12 1
31 0
18 0
55 1
45 1
57 1
30 0
77 0
66 1
55 0
19 1
65 1
74 0
35 0
38 1
21 1
35 1
47 1
65 1
15 1
63 0
71 1
74 1
18 1
43 1
42 1
49 0
31 0
49 0
17 0
26 1
15 1
14 0
12 0
22 1
17 1
78 1
69 0
53 1
21 0
76 1
13 0
43 1
73 1
31 1
58 0
15 0
13 0
60 0
68 0
70 0
70 1
69 1
23 1
56 1
54 0
59 0
43 0
39 1
17 0
39 0
57 1
46 0
78 1
12 0
79 0
74 0
45 1
65 1
75 0
36 1
60 1
21 1
61 1
40 0
23 1
28 0
60 0
46 1
16 1
24 0
19 0
54 1
24 0
48 1
62 1
27 0
77 1
26 1
58 0
16 0
20 0
63 1
29 0
30 0
56 0
75 0
15 0
69 0
39 0
51 0
69 1
45 0
74 0
22 0
33 0
77 1
23 0
75 0
51 1
78 1
63 0
55 0
17 0
56 0
62 1
54 0
45 1
27 1
22 0
25 0
38 1
24 1
12 1
50 0
12 1
57 1
67 0
24 1
56 0
61 1
35 1
66 0
44 0
49 0
41 1
71 0
12 0
16 0
14 0
26 1
21 1
51 0
50 1
54 0
76 0
74 0
58 1
76 1
46 0
43 0
27 1
30 1
67 1
64 0
14 1
59 1
20 1
19 1
18 1
18 0
46 1
30 1
54 0
56 0
32 1
53 1
19 0
26 1
56 0
14 0
34 0
30 1
70 1
74 0
62 0
19 0
32 0
49 1
49 1
75 1
22 1
12 0
68 0
60 1
35 0
20 1
68 1
64 0
41 0
61 1
71 1
38 0
76 0
16 0
20 1
21 0
73 1
67 1
59 1
74 1
68 1
20 1
12 0
71 0
19 0
67 1
45 0
16 1
40 0
67 0
42 1
49 0
46 1
62 1
33 1
77 1
19 0
31 0
47 1
52 1
20 0
69 1
31 1
51 1
14 0
56 0
37 0
39 1
44 0
28 0
70 0
34 1
23 1
34 1
26 1
31 1
27 0
27 1
43 1
49 0
62 1
13 1
71 1
53 0
12 1
19 1
73 0
31 1
43 1
24 1
63 0
72 1
63 0
54 1
60 0
44 0
25 0
45 1
79 1
73 1
24 0
28 0
29 1
58 0
70 1
18 1
51 0
13 1
40 0
34 0
32 1
40 1
33 1
74 0
14 1
72 1
33 0
62 0
46 0
35 0
21 1
15 1
16 1
25 1
48 1
40 1
76 1
30 1
66 0
54 0
30 1
77 1
56 0
73 0
75 0
76 0
18 1
35 1
26 0
20 0
21 1
36 1
66 0
76 1
18 1
29 0
70 0
44 1
27 1
47 0
32 0
40 1
16 0
21 1
42 0
63 0
30 0
57 0
23 0
32 0
55 0
52 1
15 0
75 0
13 1
14 1
41 0
27 0
42 0
25 1
55 1
32 0
58 1
73 1
49 0
50 1
59 0
71 0
14 1
31 1
59 0
76 1
13 0
31 0
75 1
65 1
46 1
17 1
57 1
18 0
78 0
68 0
56 1
49 0
68 0
67 0
52 0
76 0
50 0
43 0
52 1
65 0
52 1
48 1
38 0
70 0
51 0
68 1
23 1
19 0
71 1
68 1
12 0
69 0
33 0
44 1
46 1
32 1
41 0
38 1
44 1
65 0
49 0
49 1
58 1
52 1
67 0
60 1
74 0
24 1
25 1
43 0
30 0
23 0
24 1
64 1
37 0
35 0
34 1
22 1
78 1
64 0
62 0
50 1
31 0
30 1
29 0
69 1
48 0
76 1
59 1
47 1
39 0
16 1
27 0
