35 0
64 0
54 1
12 1
71 0
18 0
36 1
51 0
54 1
33 0
68 0
59 1
73 1
63 1
44 1
17 0
53 1
67 1
13 1
12 1
44 0
46 0
25 1
78 1
13 0
75 1
37 0
75 0
55 0
61 0
36 1
73 1
71 1
12 1
19 0
24 1
41 1
77 0
63 1
43 0
48 0
71 1
52 0
23 0
26 1
67 0
20 1
54 0
46 1
48 0
29 0
61 1
34 0
71 0
58 1
18 0
48 0
49 0
58 0
42 0
37 0
34 1
55 0
64 0
17 0
44 0
75 0
39 0
51 0
34 1
14 1
57 0
27 0
58 0
19 0
67 1
75 1
72 1
26 0
58 1
72 1
52 0
55 1
29 0
56 0
75 1
27 1
46 1
61 1
53 1
20 1
54 1
78 0
49 1
56 1
18 1
55 1
73 0
17 1
75 1
22 1
73 0
42 1
60 0
72 0
49 0
42 0
15 0
17 1
48 0
15 0
21 0
23 1
38 0
69 0
74 0
21 0
39 0
36 0
53 1
31 1
45 0
62 1
65 1
77 1
22 0
45 0
61 0
73 0
45 1
40 1
22 0
37 0
71 1
39 1
13 0
54 1
49 1
74 1
40 0
36 0
65 0
36 0
60 0
64 1
42 1
77 0
64 1
27 0
21 1
63 0
66 1
17 0
34 1
72 0
13 1
18 0
30 0
36 0
22 0
61 0
69 0
38 1
38 0
16 1
22 0
13 1
32 0
64 1
57 1
54 1
59 0
25 1
24 0
49 1
35 1
78 0
52 1
43 1
15 0
78 1
74 1
19 1
52 1
75 1
70 1
29 0
21 1
46 1
78 0
51 1
23 0
68 0
79 0
36 0
27 1
74 0
79 0
28 0
26 1
55 1
50 1
67 1
32 1
45 1
27 1
61 0
23 1
78 0
38 0
18 1
76 1
22 0
26 0
53 0
75 0
35 1
47 1
15 0
57 0
49 0
38 0
18 0
56 1
49 0
22 1
54 1
27 0
34 0
77 1
49 0
31 1
55 1
44 0
79 0
23 0
46 1
30 1
74 0
22 0
17 0
55 1
48 0
41 1
45 0
32 1
30 1
59 0
19 0
36 0
39 1
70 1
29 1
60 1
72 1
54 1
70 0
38 1
58 1
19 0
15 0
42 0
32 0
28 1
36 1
43 0
45 0
78 0
44 1
23 0
33 1
56 1
70 0
59 1
33 1
74 0
38 0
53 0
79 0
15 0
24 0
75 0
46 1
49 0
31 1
20 0
25 0
47 0
20 1
16 1
77 0
63 1
31 1
72 1
69 1
60 1
70 0
63 1
43 0
47 1
14 1
78 1
40 1
30 0
35 0
78 0
71 1
71 1
60 0
54 0
79 0
12 1
38 1
71 0
22 1
73 0
73 1
18 0
77 0
43 0
15 1
54 1
79 1
59 1
20 0
57 1
32 0
66 1
49 0
25 0
23 1
78 1
44 1
28 1
54 1
47 1
19 1
75 0
36 1
23 0
12 0
53 1
73 1
72 0
66 0
49 1
29 1
15 0
70 1
52 1
76 1
50 1
24 1
78 0
59 1
54 1
74 1
62 0
46 1
49 0
27 1
32 1
62 1
24 1
67 1
36 1
30 0
37 0
69 1
68 1
29 1
66 1
62 1
24 0
24 0
36 0
74 0
78 1
22 1
23 1
50 0
34 1
61 1
59 0
17 1
40 0
58 0
79 0
32 1
15 0
54 1
66 1
64 0
26 1
37 0
25 1
35 0
50 0
79 1
12 0
43 1
70 0
28 1
55 1
58 1
28 0
41 0
58 0
70 0
79 0
37 1
28 1
74 0
30 0
74 1
23 0
14 0
40 1
75 0
49 0
53 1
61 0
79 0
49 1
73 1
65 0
53 1
30 1
31 1
68 1
55 1
29 1
51 0
20 0
28 1
14 0
28 0
49 1
50 1
41 0
72 1
24 0
22 0
24 0
70 0
75 1
13 1
32 0
52 1
29 1
50 0
28 0
75 1
39 0
20 1
73 1
70 1
43 0
52 1
71 0
79 1
21 1
77 1
78 1
61 0
48 1
29 0
22 0
79 1
68 0
74 1
60 1
78 1
61 0
76 0
76 0
57 0
31 0
21 1
27 1
23 0
46 1
13 1
21 0
28 0
76 0
37 1
57 1
55 1
74 0
21 0
68 1
14 0
49 0
21 0
38 1
60 0
73 0
40 1
54 1
64 0
16 1
39 1
61 0
30 0
52 0
39 0
42 0
45 0
24 1
63 0
27 0
73 1
77 0
15 1
61 0
37 0
33 1
69 1
33 1
73 1
26 0
69 1
40 1
76 1
21 1
22 1
50 1
72 1
23 1
57 0
56 0
73 1
40 0
51 0
38 1
29 1
26 1
38 0
55 0
75 0
24 0
35 1
71 1
54 1
79 1
15 0
17 0
33 1
60 0
59 0
59 0
49 0
75 1
63 1
39 1
79 1
41 1
32 0
47 1
38 1
18 0
52 1
68 0
30 1
72 0
33 1
60 1
38 1
65 0
42 1
63 1
25 1
61 0
69 1
45 0
76 0
25 1
23 1
20 0
47 1
24 0
12 0
29 0
74 1
68 0
38 0
64 0
25 1
73 1
36 1
22 1
44 1
43 0
45 1
53 0
73 1
35 1
57 1
17 1
50 0
76 0
67 1
15 1
78 0
18 0
50 0
51 0
49 1
31 1
47 1
65 1
29 0
37 0
77 1
30 1
63 0
44 0
71 0
48 1
32 0
66 0
43 0
20 0
27 1
40 1
74 0
21 1
64 0
13 0
